  3.2000000e+001
  4.2666667e+001
  6.9333333e+001
  7.4666667e+001
  8.0000000e+001
  1.4400000e+002
  1.4933333e+002
  1.5466667e+002
  1.6000000e+002
  1.8133333e+002
  1.9200000e+002
  2.5066667e+002
  2.6666667e+002
  2.8266667e+002
  2.9333333e+002
  3.0400000e+002
  3.7866667e+002
  3.8400000e+002
  4.1066667e+002
  4.2666667e+002
  4.7466667e+002
  5.0666667e+002
  5.1733333e+002
  5.2266667e+002
  5.9200000e+002
  6.1866667e+002
  6.2400000e+002
  6.2933333e+002
  7.2533333e+002
  7.3600000e+002
  7.4133333e+002
  9.6000000e+002
  9.6533333e+002
  9.7600000e+002
  9.9733333e+002
  1.0080000e+003
  1.0666667e+003
  1.0720000e+003
  1.0880000e+003
  1.0986667e+003
  1.1040000e+003
  1.1840000e+003
  1.2000000e+003
  1.2053333e+003
  1.2106667e+003
  1.2160000e+003
  1.2213333e+003
  1.3013333e+003
  1.3120000e+003
  1.3173333e+003
  1.3386667e+003
  1.3440000e+003
  1.4133333e+003
  1.4186667e+003
  1.4293333e+003
  1.4346667e+003
  1.4453333e+003
  1.5253333e+003
  1.5306667e+003
  1.5466667e+003
  1.5626667e+003
  1.5680000e+003
  1.6480000e+003
  1.6533333e+003
  1.6640000e+003
  1.6906667e+003
  1.6960000e+003
  1.7066667e+003
  1.7813333e+003
  1.7920000e+003
  1.7973333e+003
  1.8026667e+003
  1.8186667e+003
  1.8720000e+003
  1.8933333e+003
  1.9040000e+003
  1.9093333e+003
  1.9200000e+003
  1.9253333e+003
  2.0053333e+003
  2.0106667e+003
  2.0266667e+003
  2.0373333e+003
  2.1280000e+003
  2.1333333e+003
  2.1386667e+003
  2.1493333e+003
  2.1600000e+003
  2.1653333e+003
  2.2346667e+003
  2.2400000e+003
  2.3466667e+003
  2.3680000e+003
  2.3786667e+003
  2.4000000e+003
  2.4533333e+003
  2.4693333e+003
  2.4746667e+003
  2.4853333e+003
  2.4906667e+003
  2.5066667e+003
  2.5120000e+003
  2.5706667e+003
  2.5866667e+003
  2.6186667e+003
  2.6240000e+003
  2.6826667e+003
  2.7040000e+003
  2.7200000e+003
  2.7413333e+003
  2.8106667e+003
  2.8160000e+003
  2.8213333e+003
  2.8426667e+003
  2.9440000e+003
  2.9706667e+003
  3.0346667e+003
  3.0506667e+003
  3.0666667e+003
  3.0720000e+003
  3.1733333e+003
  3.1946667e+003
  3.2000000e+003
  3.2746667e+003
  3.2853333e+003
  3.2906667e+003
  3.3013333e+003
  3.3066667e+003
  3.3120000e+003
  3.4080000e+003
  3.4240000e+003
  3.4346667e+003
  3.4400000e+003
  3.4453333e+003
  3.5093333e+003
  3.5200000e+003
  3.5360000e+003
  3.5413333e+003
  3.5626667e+003
  3.6160000e+003
  3.6426667e+003
  3.6533333e+003
  3.7600000e+003
  3.7760000e+003
  3.7813333e+003
  3.7866667e+003
  3.7920000e+003
  3.8613333e+003
  3.8826667e+003
  3.9733333e+003
  3.9840000e+003
  3.9946667e+003
  4.0106667e+003
  4.0213333e+003
  4.0853333e+003
  4.0906667e+003
  4.0960000e+003
  4.1120000e+003
  4.1173333e+003
  4.1226667e+003
  4.1333333e+003
  4.1973333e+003
  4.2133333e+003
  4.2240000e+003
  4.2346667e+003
  4.2400000e+003
  4.2506667e+003
  4.3146667e+003
  4.3360000e+003
  4.3413333e+003
  4.3520000e+003
  4.4266667e+003
  4.4320000e+003
  4.4693333e+003
  4.4800000e+003
  4.5386667e+003
  4.5546667e+003
  4.5653333e+003
  4.5866667e+003
  4.6026667e+003
  4.6080000e+003
  4.6773333e+003
  4.6880000e+003
  4.6933333e+003
  4.7040000e+003
  4.7093333e+003
  4.7786667e+003
  4.8000000e+003
  4.8053333e+003
  4.8106667e+003
  4.8160000e+003
  4.8320000e+003
  4.9226667e+003
  4.9333333e+003
  4.9440000e+003
  5.0560000e+003
  5.0613333e+003
  5.1360000e+003
  5.1573333e+003
  5.1733333e+003
  5.2480000e+003
  5.2746667e+003
  5.2853333e+003
  5.2906667e+003
  5.3546667e+003
  5.3706667e+003
  5.3760000e+003
  5.3866667e+003
  5.3920000e+003
  5.3973333e+003
  5.4026667e+003
  5.4666667e+003
  5.4880000e+003
  5.5306667e+003
  5.5946667e+003
  5.6000000e+003
  5.6106667e+003
  5.6373333e+003
  5.6533333e+003
  5.7013333e+003
  5.7066667e+003
  5.7120000e+003
  5.7173333e+003
  5.7600000e+003
  5.8346667e+003
  5.8453333e+003
  5.8613333e+003
  5.8880000e+003
  5.9413333e+003
  5.9893333e+003
  6.0000000e+003
  6.0693333e+003
  6.0746667e+003
  6.1706667e+003
  6.1813333e+003
  6.2080000e+003
  6.2186667e+003
  6.2346667e+003
  6.2933333e+003
  6.2986667e+003
  6.4320000e+003
  6.5440000e+003
  6.5493333e+003
  6.5706667e+003
  6.6560000e+003
  6.6613333e+003
  6.6666667e+003
  6.6720000e+003
  6.6933333e+003
  6.7573333e+003
  6.7680000e+003
  6.7733333e+003
  6.7946667e+003
  6.8640000e+003
  6.8693333e+003
  6.8906667e+003
  7.0080000e+003
  7.0293333e+003
  7.1253333e+003
  7.1306667e+003
  7.1413333e+003
  7.1520000e+003
  7.1626667e+003
  7.2533333e+003
  7.2693333e+003
  7.3386667e+003
  7.3600000e+003
  7.3653333e+003
  7.4613333e+003
  7.4666667e+003
  7.5680000e+003
  7.5733333e+003
  7.5786667e+003
  7.6053333e+003
  7.6106667e+003
  7.6160000e+003
  7.6800000e+003
  7.6853333e+003
  7.7173333e+003
  7.8026667e+003
  7.8346667e+003
  7.8400000e+003
  7.9146667e+003
  7.9200000e+003
  7.9360000e+003
  7.9520000e+003
  7.9680000e+003
