  3.7333333e+001
  4.2666667e+001
  5.8666667e+001
  6.9333333e+001
  1.4933333e+002
  1.6000000e+002
  1.6533333e+002
  1.7066667e+002
  1.8133333e+002
  2.5600000e+002
  2.6666667e+002
  2.8266667e+002
  2.9333333e+002
  2.9866667e+002
  3.0933333e+002
  3.1466667e+002
  3.8400000e+002
  4.1066667e+002
  4.8533333e+002
  4.9600000e+002
  5.0133333e+002
  5.1200000e+002
  5.2800000e+002
  5.3866667e+002
  5.9733333e+002
  6.0266667e+002
  6.0800000e+002
  6.1866667e+002
  6.2400000e+002
  6.3466667e+002
  6.4533333e+002
  7.1466667e+002
  7.2000000e+002
  7.2533333e+002
  7.3600000e+002
  7.5733333e+002
  7.6800000e+002
  8.4266667e+002
  8.7466667e+002
  8.8000000e+002
  9.6000000e+002
  9.7600000e+002
  9.8133333e+002
  9.9200000e+002
  1.1893333e+003
  1.2266667e+003
  1.3333333e+003
  1.3386667e+003
  1.3546667e+003
  1.4346667e+003
  1.4560000e+003
  1.4613333e+003
  1.5253333e+003
  1.5360000e+003
  1.5466667e+003
  1.5520000e+003
  1.5573333e+003
  1.5626667e+003
  1.5680000e+003
  1.6586667e+003
  1.6640000e+003
  1.6800000e+003
  1.6960000e+003
  1.7866667e+003
  1.8186667e+003
  1.8240000e+003
  1.8720000e+003
  1.8986667e+003
  1.9200000e+003
  1.9253333e+003
  1.9360000e+003
  1.9413333e+003
  1.9893333e+003
  2.0000000e+003
  2.0106667e+003
  2.0213333e+003
  2.0320000e+003
  2.0426667e+003
  2.1173333e+003
  2.1226667e+003
  2.1280000e+003
  2.1546667e+003
  2.1600000e+003
  2.1653333e+003
  2.1706667e+003
  2.2293333e+003
  2.2400000e+003
  2.2613333e+003
  2.3413333e+003
  2.3520000e+003
  2.3573333e+003
  2.3626667e+003
  2.3840000e+003
  2.4746667e+003
  2.4800000e+003
  2.4853333e+003
  2.4960000e+003
  2.5013333e+003
  2.5066667e+003
  2.5120000e+003
  2.5226667e+003
  2.5706667e+003
  2.5813333e+003
  2.5920000e+003
  2.6026667e+003
  2.6080000e+003
  2.6133333e+003
  2.6293333e+003
  2.6826667e+003
  2.6880000e+003
  2.6986667e+003
  2.7200000e+003
  2.7306667e+003
  2.7413333e+003
  2.7466667e+003
  2.8106667e+003
  2.8160000e+003
  2.8213333e+003
  2.8266667e+003
  2.8320000e+003
  2.8426667e+003
  2.8480000e+003
  2.8533333e+003
  2.9386667e+003
  2.9493333e+003
  2.9546667e+003
  2.9706667e+003
  3.0453333e+003
  3.0560000e+003
  3.0880000e+003
  3.0933333e+003
  3.1680000e+003
  3.1893333e+003
  3.2000000e+003
  3.2106667e+003
  3.3013333e+003
  3.3973333e+003
  3.4080000e+003
  3.4133333e+003
  3.4186667e+003
  3.4346667e+003
  3.4453333e+003
  3.4933333e+003
  3.5253333e+003
  3.5413333e+003
  3.6373333e+003
  3.6426667e+003
  3.6480000e+003
  3.6533333e+003
  3.6640000e+003
  3.7493333e+003
  3.7546667e+003
  3.7600000e+003
  3.7706667e+003
  3.8666667e+003
  3.8880000e+003
  3.9733333e+003
  3.9893333e+003
  4.0000000e+003
  4.0106667e+003
  4.0853333e+003
  4.0960000e+003
  4.1013333e+003
  4.1120000e+003
  4.2400000e+003
  4.2613333e+003
  4.3093333e+003
  4.3146667e+003
  4.3200000e+003
  4.4480000e+003
  4.4533333e+003
  4.4693333e+003
  4.4746667e+003
  4.4800000e+003
  4.4853333e+003
  4.4906667e+003
  4.5600000e+003
  4.5706667e+003
  4.5760000e+003
  4.5813333e+003
  4.5920000e+003
  4.6026667e+003
  4.6933333e+003
  4.7093333e+003
  4.7200000e+003
  4.7946667e+003
  4.8160000e+003
  4.8266667e+003
  4.8906667e+003
  4.9013333e+003
  4.9333333e+003
  4.9386667e+003
  4.9440000e+003
  4.9493333e+003
  4.9600000e+003
  5.0080000e+003
  5.0453333e+003
  5.1306667e+003
  5.1466667e+003
  5.1626667e+003
  5.1680000e+003
  5.1733333e+003
  5.2853333e+003
  5.3706667e+003
  5.3813333e+003
  5.3866667e+003
  5.4080000e+003
  5.4880000e+003
  5.5040000e+003
  5.5360000e+003
  5.5840000e+003
  5.6480000e+003
  5.7440000e+003
  5.7546667e+003
  5.7600000e+003
  5.7653333e+003
  5.8453333e+003
  5.8560000e+003
  5.9573333e+003
  5.9680000e+003
  5.9786667e+003
  5.9893333e+003
  6.0693333e+003
  6.1866667e+003
  6.1973333e+003
  6.2080000e+003
  6.2986667e+003
  6.3146667e+003
  6.3466667e+003
  6.4053333e+003
  6.4266667e+003
  6.4320000e+003
  6.4373333e+003
  6.4533333e+003
  6.4640000e+003
  6.5440000e+003
  6.5546667e+003
  6.5653333e+003
  6.6346667e+003
  6.6400000e+003
  6.6826667e+003
  6.7840000e+003
  6.7893333e+003
  6.8106667e+003
  6.8640000e+003
  6.8906667e+003
  6.9066667e+003
  6.9973333e+003
  7.0026667e+003
  7.0080000e+003
  7.0186667e+003
  7.0240000e+003
  7.0453333e+003
  7.1093333e+003
  7.1253333e+003
  7.1360000e+003
  7.1413333e+003
  7.2213333e+003
  7.2373333e+003
  7.2586667e+003
  7.3440000e+003
  7.3493333e+003
  7.3546667e+003
  7.3706667e+003
  7.3920000e+003
  7.4453333e+003
  7.4720000e+003
  7.4880000e+003
  7.5040000e+003
  7.5093333e+003
  7.5840000e+003
  7.5893333e+003
  7.6000000e+003
  7.6106667e+003
  7.6853333e+003
  7.6906667e+003
  7.7173333e+003
  7.7386667e+003
  7.7973333e+003
  7.8080000e+003
  7.8186667e+003
  7.8400000e+003
  7.9146667e+003
  7.9306667e+003
  7.9413333e+003
  7.9520000e+003
  7.9626667e+003
  7.9680000e+003
