  3.2000000e+001
  4.2666667e+001
  5.3333333e+001
  6.9333333e+001
  1.3333333e+002
  1.4400000e+002
  1.6000000e+002
  1.7600000e+002
  2.7200000e+002
  2.8266667e+002
  3.7866667e+002
  3.8400000e+002
  3.9466667e+002
  4.0533333e+002
  4.1066667e+002
  4.1600000e+002
  4.2666667e+002
  5.2266667e+002
  5.2800000e+002
  5.3866667e+002
  5.4400000e+002
  5.4933333e+002
  6.2400000e+002
  6.4533333e+002
  6.7200000e+002
  7.4133333e+002
  7.5733333e+002
  8.0000000e+002
  8.1066667e+002
  8.7466667e+002
  9.0133333e+002
  9.1200000e+002
  9.9200000e+002
  1.0026667e+003
  1.0133333e+003
  1.0346667e+003
  1.0453333e+003
  1.0560000e+003
  1.1200000e+003
  1.1253333e+003
  1.1413333e+003
  1.1466667e+003
  1.1626667e+003
  1.1680000e+003
  1.2320000e+003
  1.2373333e+003
  1.2480000e+003
  1.2693333e+003
  1.2746667e+003
  1.2906667e+003
  1.2960000e+003
  1.3013333e+003
  1.3546667e+003
  1.3706667e+003
  1.3760000e+003
  1.3866667e+003
  1.4933333e+003
  1.5040000e+003
  1.5253333e+003
  1.5306667e+003
  1.5360000e+003
  1.5413333e+003
  1.6160000e+003
  1.6266667e+003
  1.6373333e+003
  1.6426667e+003
  1.6480000e+003
  1.6640000e+003
  1.7333333e+003
  1.7493333e+003
  1.7546667e+003
  1.7706667e+003
  1.8613333e+003
  1.8666667e+003
  1.8826667e+003
  1.8933333e+003
  1.8986667e+003
  1.9146667e+003
  1.9253333e+003
  1.9893333e+003
  2.0000000e+003
  2.0053333e+003
  2.0160000e+003
  2.0426667e+003
  2.1120000e+003
  2.1173333e+003
  2.1226667e+003
  2.1440000e+003
  2.1493333e+003
  2.2293333e+003
  2.2453333e+003
  2.2506667e+003
  2.2720000e+003
  2.2880000e+003
  2.3626667e+003
  2.3680000e+003
  2.3786667e+003
  2.3840000e+003
  2.3893333e+003
  2.4000000e+003
  2.5066667e+003
  2.5120000e+003
  2.5173333e+003
  2.5226667e+003
  2.5333333e+003
  2.5973333e+003
  2.6026667e+003
  2.6080000e+003
  2.6453333e+003
  2.6666667e+003
  2.7306667e+003
  2.7413333e+003
  2.7840000e+003
  2.8480000e+003
  2.8533333e+003
  2.8640000e+003
  2.8853333e+003
  2.9013333e+003
  2.9760000e+003
  2.9813333e+003
  2.9866667e+003
  3.0080000e+003
  3.0133333e+003
  3.0186667e+003
  3.0346667e+003
  3.1413333e+003
  3.1520000e+003
  3.2160000e+003
  3.2266667e+003
  3.2320000e+003
  3.2533333e+003
  3.2693333e+003
  3.3600000e+003
  3.3653333e+003
  3.3760000e+003
  3.4826667e+003
  3.4880000e+003
  3.5306667e+003
  3.5360000e+003
  3.5893333e+003
  3.5946667e+003
  3.6000000e+003
  3.6106667e+003
  3.6266667e+003
  3.6373333e+003
  3.6426667e+003
  3.7386667e+003
  3.7546667e+003
  3.7760000e+003
  3.8506667e+003
  3.8613333e+003
  3.8986667e+003
  3.9893333e+003
  4.0106667e+003
  4.0266667e+003
  4.0906667e+003
  4.1013333e+003
  4.1066667e+003
  4.1120000e+003
  4.1173333e+003
  4.1226667e+003
  4.1386667e+003
  4.2186667e+003
  4.2240000e+003
  4.2560000e+003
  4.3413333e+003
  4.3466667e+003
  4.3520000e+003
  4.3733333e+003
  4.3786667e+003
  4.4693333e+003
  4.5013333e+003
  4.5120000e+003
  4.5920000e+003
  4.6026667e+003
  4.6346667e+003
  4.6400000e+003
  4.7360000e+003
  4.7520000e+003
  4.7733333e+003
  4.8320000e+003
  4.8426667e+003
  4.8480000e+003
  4.8586667e+003
  4.8693333e+003
  4.8800000e+003
  4.9653333e+003
  4.9706667e+003
  4.9760000e+003
  5.0826667e+003
  5.1040000e+003
  5.1146667e+003
  5.1200000e+003
  5.1253333e+003
  5.1360000e+003
  5.1466667e+003
  5.2000000e+003
  5.2106667e+003
  5.2320000e+003
  5.2373333e+003
  5.2426667e+003
  5.2533333e+003
  5.3386667e+003
  5.3440000e+003
  5.3546667e+003
  5.3653333e+003
  5.3866667e+003
  5.4560000e+003
  5.4613333e+003
  5.4666667e+003
  5.4720000e+003
  5.5733333e+003
  5.5786667e+003
  5.5946667e+003
  5.6000000e+003
  5.6106667e+003
  5.6160000e+003
  5.6266667e+003
  5.7066667e+003
  5.7226667e+003
  5.7600000e+003
  5.8186667e+003
  5.8666667e+003
  5.8773333e+003
  5.8826667e+003
  5.9626667e+003
  5.9946667e+003
  6.0000000e+003
  6.0053333e+003
  6.0693333e+003
  6.0853333e+003
  6.0960000e+003
  6.1066667e+003
  6.1120000e+003
  6.1173333e+003
  6.2080000e+003
  6.2133333e+003
  6.2400000e+003
  6.2453333e+003
  6.3360000e+003
  6.3520000e+003
  6.3573333e+003
  6.3626667e+003
  6.3733333e+003
  6.4426667e+003
  6.4480000e+003
  6.4640000e+003
  6.4746667e+003
  6.5760000e+003
  6.5866667e+003
  6.6026667e+003
  6.6986667e+003
  6.7146667e+003
  6.7200000e+003
  6.7253333e+003
  6.8160000e+003
  6.8213333e+003
  6.8480000e+003
  6.8533333e+003
  6.8586667e+003
  6.9333333e+003
  6.9493333e+003
  6.9973333e+003
  7.0773333e+003
  7.0826667e+003
  7.1040000e+003
  7.1893333e+003
  7.2000000e+003
  7.2373333e+003
  7.2426667e+003
  7.2480000e+003
  7.3120000e+003
  7.3333333e+003
  7.3493333e+003
  7.4453333e+003
  7.4666667e+003
  7.4880000e+003
  7.5733333e+003
  7.5786667e+003
  7.5840000e+003
  7.5946667e+003
  7.6000000e+003
  7.6053333e+003
  7.6693333e+003
  7.6960000e+003
  7.7013333e+003
  7.7173333e+003
  7.7333333e+003
  7.7386667e+003
  7.8026667e+003
  7.8080000e+003
  7.8133333e+003
  7.8346667e+003
  7.8720000e+003
  7.9200000e+003
  7.9573333e+003
  7.9680000e+003
