  3.2000000e+001
  4.8000000e+001
  5.3333333e+001
  5.8666667e+001
  6.4000000e+001
  6.9333333e+001
  7.4666667e+001
  1.4400000e+002
  1.7600000e+002
  2.0800000e+002
  2.6666667e+002
  2.7733333e+002
  2.8266667e+002
  3.0933333e+002
  3.1466667e+002
  3.8933333e+002
  4.2666667e+002
  4.3200000e+002
  6.3466667e+002
  6.6133333e+002
  7.5733333e+002
  7.7333333e+002
  7.7866667e+002
  7.8933333e+002
  8.1066667e+002
  8.6933333e+002
  8.7466667e+002
  8.8000000e+002
  8.9066667e+002
  9.1733333e+002
  9.2266667e+002
  1.0080000e+003
  1.0186667e+003
  1.0240000e+003
  1.1040000e+003
  1.1146667e+003
  1.1253333e+003
  1.1306667e+003
  1.1520000e+003
  1.2160000e+003
  1.2213333e+003
  1.2266667e+003
  1.2373333e+003
  1.2480000e+003
  1.2533333e+003
  1.2853333e+003
  1.3386667e+003
  1.3706667e+003
  1.3760000e+003
  1.3920000e+003
  1.4560000e+003
  1.4826667e+003
  1.4986667e+003
  1.5840000e+003
  1.6266667e+003
  1.6373333e+003
  1.6906667e+003
  1.7013333e+003
  1.7440000e+003
  1.8666667e+003
  1.8720000e+003
  1.9466667e+003
  1.9573333e+003
  1.9626667e+003
  1.9680000e+003
  2.0533333e+003
  2.0640000e+003
  2.0746667e+003
  2.0800000e+003
  2.1066667e+003
  2.1973333e+003
  2.2080000e+003
  2.2240000e+003
  2.2986667e+003
  2.3146667e+003
  2.3253333e+003
  2.3466667e+003
  2.3626667e+003
  2.5440000e+003
  2.5813333e+003
  2.5866667e+003
  2.5920000e+003
  2.5973333e+003
  2.6560000e+003
  2.6666667e+003
  2.6720000e+003
  2.6826667e+003
  2.6880000e+003
  2.6986667e+003
  2.7040000e+003
  2.7093333e+003
  2.7146667e+003
  2.7786667e+003
  2.7893333e+003
  2.8000000e+003
  2.8213333e+003
  2.8906667e+003
  2.8960000e+003
  2.9333333e+003
  3.0133333e+003
  3.0186667e+003
  3.0240000e+003
  3.0293333e+003
  3.0346667e+003
  3.0400000e+003
  3.0560000e+003
  3.1520000e+003
  3.1573333e+003
  3.1893333e+003
  3.2746667e+003
  3.4026667e+003
  3.4133333e+003
  3.4826667e+003
  3.5146667e+003
  3.5253333e+003
  3.5360000e+003
  3.5466667e+003
  3.6266667e+003
  3.6480000e+003
  3.6586667e+003
  3.7226667e+003
  3.7493333e+003
  3.7600000e+003
  3.7760000e+003
  3.8506667e+003
  3.8560000e+003
  3.9786667e+003
  3.9840000e+003
  3.9946667e+003
  4.0266667e+003
  4.0800000e+003
  4.0960000e+003
  4.1013333e+003
  4.1066667e+003
  4.1173333e+003
  4.1280000e+003
  4.1333333e+003
  4.2133333e+003
  4.2240000e+003
  4.2453333e+003
  4.3200000e+003
  4.3680000e+003
  4.3733333e+003
  4.4373333e+003
  4.4426667e+003
  4.4480000e+003
  4.4853333e+003
  4.4960000e+003
  4.5013333e+003
  4.5653333e+003
  4.5760000e+003
  4.5813333e+003
  4.5920000e+003
  4.6240000e+003
  4.6773333e+003
  4.6986667e+003
  4.7146667e+003
  4.8000000e+003
  4.8160000e+003
  4.8213333e+003
  4.8320000e+003
  4.8373333e+003
  4.9226667e+003
  5.0400000e+003
  5.0453333e+003
  5.0506667e+003
  5.0560000e+003
  5.0666667e+003
  5.0773333e+003
  5.1573333e+003
  5.1893333e+003
  5.1946667e+003
  5.2000000e+003
  5.2053333e+003
  5.2906667e+003
  5.3013333e+003
  5.3120000e+003
  5.4080000e+003
  5.4293333e+003
  5.4346667e+003
  5.4400000e+003
  5.4453333e+003
  5.5146667e+003
  5.5413333e+003
  5.5573333e+003
  5.6266667e+003
  5.6533333e+003
  5.6746667e+003
  5.6800000e+003
  5.6853333e+003
  5.8026667e+003
  5.8080000e+003
  5.8720000e+003
  5.8773333e+003
  5.8826667e+003
  5.9146667e+003
  5.9946667e+003
  6.0266667e+003
  6.0586667e+003
  6.1173333e+003
  6.1386667e+003
  6.2240000e+003
  6.2453333e+003
  6.2666667e+003
  6.2880000e+003
  6.3520000e+003
  6.3573333e+003
  6.3786667e+003
  6.3840000e+003
  6.3893333e+003
  6.4960000e+003
  6.5226667e+003
  6.5866667e+003
  6.5920000e+003
  6.6346667e+003
  6.7413333e+003
  6.7680000e+003
  6.9493333e+003
  6.9600000e+003
  6.9973333e+003
  7.0826667e+003
  7.0880000e+003
  7.1146667e+003
  7.1200000e+003
  7.1946667e+003
  7.2000000e+003
  7.2053333e+003
  7.2160000e+003
  7.2213333e+003
  7.3066667e+003
  7.3120000e+003
  7.3333333e+003
  7.3386667e+003
  7.4186667e+003
  7.4346667e+003
  7.4453333e+003
  7.5680000e+003
  7.5733333e+003
  7.5946667e+003
  7.6000000e+003
  7.6106667e+003
  7.6586667e+003
  7.6640000e+003
  7.6693333e+003
  7.6800000e+003
  7.6960000e+003
  7.7120000e+003
  7.8080000e+003
  7.8133333e+003
  7.8186667e+003
  7.8240000e+003
  7.8293333e+003
  7.9146667e+003
  7.9200000e+003
  7.9360000e+003
