  7.4666667e+001
  8.0000000e+001
  8.5333333e+001
  9.6000000e+001
  1.0666667e+002
  1.1200000e+002
  1.3333333e+002
  1.3866667e+002
  1.9200000e+002
  2.0800000e+002
  2.1866667e+002
  2.2400000e+002
  2.2933333e+002
  2.3466667e+002
  2.6133333e+002
  3.2533333e+002
  3.4666667e+002
  3.6266667e+002
  4.5866667e+002
  4.8000000e+002
  5.0666667e+002
  5.1733333e+002
  5.2266667e+002
  5.2800000e+002
  5.3866667e+002
  5.9733333e+002
  6.0800000e+002
  6.3466667e+002
  6.5600000e+002
  6.6133333e+002
  6.6666667e+002
  6.7200000e+002
  7.4666667e+002
  7.6800000e+002
  7.7866667e+002
  7.9466667e+002
  8.0533333e+002
  8.8533333e+002
  9.0133333e+002
  9.1200000e+002
  9.1733333e+002
  9.2800000e+002
  1.0293333e+003
  1.0453333e+003
  1.0506667e+003
  1.0613333e+003
  1.0666667e+003
  1.0720000e+003
  1.1413333e+003
  1.1520000e+003
  1.1573333e+003
  1.3066667e+003
  1.3120000e+003
  1.3226667e+003
  1.3333333e+003
  1.4026667e+003
  1.4133333e+003
  1.4186667e+003
  1.4400000e+003
  1.4720000e+003
  1.5413333e+003
  1.5733333e+003
  1.6106667e+003
  1.6800000e+003
  1.6960000e+003
  1.7066667e+003
  1.7226667e+003
  1.7280000e+003
  1.8560000e+003
  1.9520000e+003
  1.9786667e+003
  1.9946667e+003
  2.1013333e+003
  2.1120000e+003
  2.1280000e+003
  2.2453333e+003
  2.2506667e+003
  2.2560000e+003
  2.2826667e+003
  2.2880000e+003
  2.3626667e+003
  2.3733333e+003
  2.3840000e+003
  2.3946667e+003
  2.4000000e+003
  2.4106667e+003
  2.5013333e+003
  2.5493333e+003
  2.6400000e+003
  2.6826667e+003
  2.6880000e+003
  2.7466667e+003
  2.7680000e+003
  2.8000000e+003
  2.8160000e+003
  2.8213333e+003
  2.8853333e+003
  2.9226667e+003
  2.9333333e+003
  2.9546667e+003
  3.0186667e+003
  3.0240000e+003
  3.0346667e+003
  3.0400000e+003
  3.1573333e+003
  3.1680000e+003
  3.1786667e+003
  3.2000000e+003
  3.2320000e+003
  3.3013333e+003
  3.3280000e+003
  3.4293333e+003
  3.4346667e+003
  3.4453333e+003
  3.4933333e+003
  3.4986667e+003
  3.5573333e+003
  3.5626667e+003
  3.5786667e+003
  3.5893333e+003
  3.6213333e+003
  3.6266667e+003
  3.6320000e+003
  3.6373333e+003
  3.7120000e+003
  3.7653333e+003
  3.7706667e+003
  3.8346667e+003
  3.8560000e+003
  3.8880000e+003
  3.9893333e+003
  4.0000000e+003
  4.0106667e+003
  4.0160000e+003
  4.1013333e+003
  4.1120000e+003
  4.1280000e+003
  4.1333333e+003
  4.1600000e+003
  4.1653333e+003
  4.1706667e+003
  4.2560000e+003
  4.2666667e+003
  4.2720000e+003
  4.2826667e+003
  4.2933333e+003
  4.3786667e+003
  4.3840000e+003
  4.3893333e+003
  4.4053333e+003
  4.4320000e+003
  4.5173333e+003
  4.5386667e+003
  4.5440000e+003
  4.5493333e+003
  4.5653333e+003
  4.6346667e+003
  4.6560000e+003
  4.6613333e+003
  4.6720000e+003
  4.6880000e+003
  4.7040000e+003
  4.7893333e+003
  4.8373333e+003
  4.9013333e+003
  4.9120000e+003
  4.9440000e+003
  5.0346667e+003
  5.0506667e+003
  5.0560000e+003
  5.0986667e+003
  5.1040000e+003
  5.1093333e+003
  5.1893333e+003
  5.2000000e+003
  5.2106667e+003
  5.2213333e+003
  5.2373333e+003
  5.3173333e+003
  5.3386667e+003
  5.3440000e+003
  5.3653333e+003
  5.4506667e+003
  5.4666667e+003
  5.4986667e+003
  5.5040000e+003
  5.5200000e+003
  5.5733333e+003
  5.5786667e+003
  5.5946667e+003
  5.6106667e+003
  5.6213333e+003
  5.7226667e+003
  5.7386667e+003
  5.7440000e+003
  5.7493333e+003
  5.7546667e+003
  5.7653333e+003
  5.7813333e+003
  5.8666667e+003
  5.9040000e+003
  5.9093333e+003
  5.9893333e+003
  5.9946667e+003
  6.0053333e+003
  6.0106667e+003
  6.0160000e+003
  6.0320000e+003
  6.0373333e+003
  6.0480000e+003
  6.1226667e+003
  6.1280000e+003
  6.1333333e+003
  6.1440000e+003
  6.1493333e+003
  6.1600000e+003
  6.1706667e+003
  6.1760000e+003
  6.1866667e+003
  6.2666667e+003
  6.2880000e+003
  6.3200000e+003
  6.4000000e+003
  6.4213333e+003
  6.4266667e+003
  6.4373333e+003
  6.4480000e+003
  6.4533333e+003
  6.4640000e+003
  6.5173333e+003
  6.5386667e+003
  6.5600000e+003
  6.5653333e+003
  6.5920000e+003
  6.6666667e+003
  6.6880000e+003
  6.7040000e+003
  6.7093333e+003
  6.8160000e+003
  6.8213333e+003
  6.8320000e+003
  6.9226667e+003
  6.9333333e+003
  6.9440000e+003
  6.9546667e+003
  6.9866667e+003
  7.0613333e+003
  7.0666667e+003
  7.0773333e+003
  7.0826667e+003
  7.0880000e+003
  7.1200000e+003
  7.2053333e+003
  7.2160000e+003
  7.2480000e+003
  7.3333333e+003
  7.3386667e+003
  7.3493333e+003
  7.3546667e+003
  7.3760000e+003
  7.3866667e+003
  7.5093333e+003
  7.5306667e+003
  7.6053333e+003
  7.6266667e+003
  7.6533333e+003
  7.7973333e+003
  7.8613333e+003
  7.8986667e+003
  7.9146667e+003
  7.9253333e+003
