  1.0666667e+001
  2.1333333e+001
  2.6666667e+001
  4.8000000e+001
  1.1200000e+002
  1.3333333e+002
  1.4933333e+002
  1.6000000e+002
  1.6533333e+002
  2.7200000e+002
  2.9866667e+002
  3.0933333e+002
  3.7333333e+002
  3.8933333e+002
  3.9466667e+002
  4.1066667e+002
  5.0666667e+002
  5.2800000e+002
  5.3333333e+002
  5.3866667e+002
  5.4400000e+002
  6.4000000e+002
  6.4533333e+002
  6.5600000e+002
  6.6133333e+002
  6.6666667e+002
  6.7200000e+002
  6.8800000e+002
  8.0000000e+002
  8.2133333e+002
  8.9066667e+002
  9.0666667e+002
  9.1733333e+002
  9.3333333e+002
  9.4933333e+002
  9.6000000e+002
  1.0186667e+003
  1.0560000e+003
  1.0826667e+003
  1.1466667e+003
  1.1573333e+003
  1.1680000e+003
  1.1733333e+003
  1.1786667e+003
  1.1946667e+003
  1.2000000e+003
  1.2693333e+003
  1.2800000e+003
  1.2853333e+003
  1.3066667e+003
  1.3120000e+003
  1.3280000e+003
  1.4080000e+003
  1.4133333e+003
  1.4240000e+003
  1.4506667e+003
  1.5253333e+003
  1.5573333e+003
  1.5626667e+003
  1.5733333e+003
  1.5840000e+003
  1.6533333e+003
  1.6693333e+003
  1.6960000e+003
  1.7920000e+003
  1.8186667e+003
  1.8240000e+003
  1.8346667e+003
  1.8400000e+003
  1.9466667e+003
  2.0533333e+003
  2.0693333e+003
  2.0800000e+003
  2.0853333e+003
  2.1066667e+003
  2.1706667e+003
  2.1813333e+003
  2.2026667e+003
  2.2080000e+003
  2.2133333e+003
  2.2186667e+003
  2.2240000e+003
  2.2933333e+003
  2.3200000e+003
  2.5546667e+003
  2.5760000e+003
  2.5920000e+003
  2.6026667e+003
  2.6133333e+003
  2.6986667e+003
  2.7466667e+003
  2.8266667e+003
  2.8426667e+003
  2.8480000e+003
  2.8693333e+003
  2.8746667e+003
  2.8800000e+003
  2.9440000e+003
  2.9600000e+003
  2.9653333e+003
  2.9706667e+003
  2.9866667e+003
  3.1093333e+003
  3.1146667e+003
  3.2000000e+003
  3.2106667e+003
  3.2160000e+003
  3.2213333e+003
  3.2266667e+003
  3.2480000e+003
  3.2533333e+003
  3.2586667e+003
  3.2640000e+003
  3.3386667e+003
  3.3440000e+003
  3.3493333e+003
  3.3600000e+003
  3.3706667e+003
  3.3813333e+003
  3.4453333e+003
  3.4560000e+003
  3.4986667e+003
  3.5786667e+003
  3.5840000e+003
  3.5893333e+003
  3.6053333e+003
  3.6266667e+003
  3.6320000e+003
  3.7120000e+003
  3.7173333e+003
  3.7280000e+003
  3.7600000e+003
  3.7760000e+003
  3.8453333e+003
  3.8933333e+003
  3.9626667e+003
  3.9733333e+003
  3.9786667e+003
  3.9840000e+003
  4.0000000e+003
  4.0213333e+003
  4.1226667e+003
  4.1386667e+003
  4.1546667e+003
  4.2240000e+003
  4.2293333e+003
  4.2613333e+003
  4.2666667e+003
  4.2826667e+003
  4.3840000e+003
  4.4106667e+003
  4.4853333e+003
  4.4960000e+003
  4.5066667e+003
  4.6080000e+003
  4.6186667e+003
  4.6400000e+003
  4.6506667e+003
  4.6613333e+003
  4.7253333e+003
  4.7413333e+003
  4.7466667e+003
  4.7573333e+003
  4.7626667e+003
  4.7733333e+003
  4.7893333e+003
  4.8746667e+003
  4.8906667e+003
  4.8960000e+003
  4.9013333e+003
  4.9866667e+003
  5.0080000e+003
  5.0133333e+003
  5.0240000e+003
  5.0346667e+003
  5.1200000e+003
  5.1253333e+003
  5.1466667e+003
  5.1520000e+003
  5.1680000e+003
  5.1840000e+003
  5.2426667e+003
  5.2533333e+003
  5.2693333e+003
  5.2746667e+003
  5.2906667e+003
  5.3120000e+003
  5.3760000e+003
  5.3866667e+003
  5.3920000e+003
  5.4080000e+003
  5.4133333e+003
  5.4186667e+003
  5.4400000e+003
  5.5040000e+003
  5.5093333e+003
  5.5146667e+003
  5.5466667e+003
  5.5733333e+003
  5.6320000e+003
  5.6426667e+003
  5.6480000e+003
  5.6533333e+003
  5.6746667e+003
  5.6853333e+003
  5.6906667e+003
  5.7973333e+003
  5.8133333e+003
  5.8826667e+003
  5.8933333e+003
  5.9146667e+003
  5.9360000e+003
  5.9466667e+003
  6.0106667e+003
  6.0213333e+003
  6.0266667e+003
  6.0426667e+003
  6.0480000e+003
  6.0533333e+003
  6.0586667e+003
  6.1493333e+003
  6.1706667e+003
  6.1760000e+003
  6.1813333e+003
  6.1920000e+003
  6.2933333e+003
  6.3093333e+003
  6.3146667e+003
  6.4000000e+003
  6.4160000e+003
  6.4373333e+003
  6.4426667e+003
  6.5440000e+003
  6.5653333e+003
  6.5706667e+003
  6.5760000e+003
  6.6453333e+003
  6.6666667e+003
  6.6773333e+003
  6.6880000e+003
  6.6933333e+003
  6.7040000e+003
  6.7146667e+003
  6.7253333e+003
  6.7733333e+003
  6.7946667e+003
  6.8053333e+003
  6.8160000e+003
  6.8266667e+003
  6.8373333e+003
  6.9066667e+003
  6.9226667e+003
  6.9280000e+003
  6.9333333e+003
  6.9440000e+003
  6.9493333e+003
  6.9546667e+003
  6.9653333e+003
  7.0400000e+003
  7.0613333e+003
  7.0666667e+003
  7.1893333e+003
  7.1946667e+003
  7.2000000e+003
  7.2106667e+003
  7.2960000e+003
  7.3066667e+003
  7.3120000e+003
  7.3173333e+003
  7.3226667e+003
  7.3440000e+003
  7.4293333e+003
  7.4346667e+003
  7.4560000e+003
  7.4613333e+003
  7.4720000e+003
  7.5520000e+003
  7.5680000e+003
  7.5733333e+003
  7.5840000e+003
  7.6000000e+003
  7.6106667e+003
  7.7173333e+003
  7.7226667e+003
  7.8240000e+003
  7.8293333e+003
  7.8560000e+003
  7.8773333e+003
  7.9360000e+003
  7.9413333e+003
  7.9680000e+003
  7.9786667e+003
  7.9946667e+003
