  2.6666667e+001
  3.2000000e+001
  4.2666667e+001
  5.3333333e+001
  5.8666667e+001
  8.0000000e+001
  1.2800000e+002
  1.6000000e+002
  1.7600000e+002
  1.8666667e+002
  1.9733333e+002
  2.5066667e+002
  2.6666667e+002
  2.7200000e+002
  2.9866667e+002
  3.7866667e+002
  4.0533333e+002
  4.1066667e+002
  4.1600000e+002
  4.8000000e+002
  4.9066667e+002
  4.9600000e+002
  5.1733333e+002
  5.2266667e+002
  5.2800000e+002
  5.3333333e+002
  5.9733333e+002
  6.0266667e+002
  6.0800000e+002
  6.4000000e+002
  6.6133333e+002
  7.2533333e+002
  7.4133333e+002
  7.5200000e+002
  7.5733333e+002
  8.3200000e+002
  8.3733333e+002
  8.5866667e+002
  8.6933333e+002
  9.5466667e+002
  9.7066667e+002
  9.9200000e+002
  9.9733333e+002
  1.0666667e+003
  1.0933333e+003
  1.2053333e+003
  1.2213333e+003
  1.2266667e+003
  1.2320000e+003
  1.2373333e+003
  1.3173333e+003
  1.3280000e+003
  1.3333333e+003
  1.3493333e+003
  1.3546667e+003
  1.4240000e+003
  1.4293333e+003
  1.4346667e+003
  1.4453333e+003
  1.5306667e+003
  1.5466667e+003
  1.5520000e+003
  1.5573333e+003
  1.6373333e+003
  1.6533333e+003
  1.6586667e+003
  1.6906667e+003
  1.7706667e+003
  1.7760000e+003
  1.7813333e+003
  1.7866667e+003
  1.7920000e+003
  1.8133333e+003
  1.8240000e+003
  1.8773333e+003
  1.8826667e+003
  1.8933333e+003
  1.9040000e+003
  1.9200000e+003
  1.9253333e+003
  1.9306667e+003
  1.9360000e+003
  2.1120000e+003
  2.1440000e+003
  2.1493333e+003
  2.1600000e+003
  2.2186667e+003
  2.2400000e+003
  2.2506667e+003
  2.2560000e+003
  2.2773333e+003
  2.2826667e+003
  2.3413333e+003
  2.3520000e+003
  2.3733333e+003
  2.3786667e+003
  2.3840000e+003
  2.3893333e+003
  2.4000000e+003
  2.4533333e+003
  2.4586667e+003
  2.4906667e+003
  2.4960000e+003
  2.5013333e+003
  2.5866667e+003
  2.5973333e+003
  2.6026667e+003
  2.6133333e+003
  2.6186667e+003
  2.6293333e+003
  2.7040000e+003
  2.7093333e+003
  2.7146667e+003
  2.7200000e+003
  2.8160000e+003
  2.8426667e+003
  2.8480000e+003
  2.8533333e+003
  2.8586667e+003
  2.9333333e+003
  2.9386667e+003
  2.9653333e+003
  2.9813333e+003
  3.0453333e+003
  3.0560000e+003
  3.0720000e+003
  3.0880000e+003
  3.1520000e+003
  3.1680000e+003
  3.1840000e+003
  3.2053333e+003
  3.2106667e+003
  3.2800000e+003
  3.2853333e+003
  3.3813333e+003
  3.3920000e+003
  3.4080000e+003
  3.4346667e+003
  3.5146667e+003
  3.5253333e+003
  3.5306667e+003
  3.5360000e+003
  3.5413333e+003
  3.5520000e+003
  3.6160000e+003
  3.6213333e+003
  3.6266667e+003
  3.6426667e+003
  3.6640000e+003
  3.6693333e+003
  3.6746667e+003
  3.7440000e+003
  3.7600000e+003
  3.7706667e+003
  3.7760000e+003
  3.8720000e+003
  3.8826667e+003
  3.9040000e+003
  3.9626667e+003
  3.9733333e+003
  3.9840000e+003
  3.9893333e+003
  3.9946667e+003
  4.0106667e+003
  4.0160000e+003
  4.0213333e+003
  4.0800000e+003
  4.1066667e+003
  4.1120000e+003
  4.1280000e+003
  4.2133333e+003
  4.2186667e+003
  4.2240000e+003
  4.2400000e+003
  4.2453333e+003
  4.2506667e+003
  4.3253333e+003
  4.3306667e+003
  4.3680000e+003
  4.4266667e+003
  4.4586667e+003
  4.5440000e+003
  4.5600000e+003
  4.5866667e+003
  4.6026667e+003
  4.6080000e+003
  4.6613333e+003
  4.6773333e+003
  4.6933333e+003
  4.7200000e+003
  4.7733333e+003
  4.7840000e+003
  4.7946667e+003
  4.8053333e+003
  4.8320000e+003
  4.9440000e+003
  5.0080000e+003
  5.0186667e+003
  5.0240000e+003
  5.0346667e+003
  5.0453333e+003
  5.1466667e+003
  5.1573333e+003
  5.1680000e+003
  5.1893333e+003
  5.2426667e+003
  5.2533333e+003
  5.2586667e+003
  5.2640000e+003
  5.3600000e+003
  5.3920000e+003
  5.3973333e+003
  5.4026667e+003
  5.5093333e+003
  5.5146667e+003
  5.5306667e+003
  5.5946667e+003
  5.6000000e+003
  5.6106667e+003
  5.6426667e+003
  5.6533333e+003
  5.7120000e+003
  5.7226667e+003
  5.7280000e+003
  5.7440000e+003
  5.8240000e+003
  5.8293333e+003
  5.8560000e+003
  5.8613333e+003
  5.9360000e+003
  5.9413333e+003
  5.9626667e+003
  5.9680000e+003
  5.9733333e+003
  5.9786667e+003
  5.9840000e+003
  6.0533333e+003
  6.0853333e+003
  6.0906667e+003
  6.1653333e+003
  6.1760000e+003
  6.1866667e+003
  6.1920000e+003
  6.2133333e+003
  6.3146667e+003
  6.4053333e+003
  6.4106667e+003
  6.4373333e+003
  6.4586667e+003
  6.5333333e+003
  6.5386667e+003
  6.5493333e+003
  6.6346667e+003
  6.6560000e+003
  6.6666667e+003
  6.6720000e+003
  6.6773333e+003
  6.6826667e+003
  6.6880000e+003
  6.6933333e+003
  6.7733333e+003
  6.7786667e+003
  6.8000000e+003
  6.8053333e+003
  6.8853333e+003
  6.8960000e+003
  6.9013333e+003
  6.9066667e+003
  6.9226667e+003
  6.9866667e+003
  6.9920000e+003
  6.9973333e+003
  7.0026667e+003
  7.0080000e+003
  7.0186667e+003
  7.0293333e+003
  7.0400000e+003
  7.1360000e+003
  7.1413333e+003
  7.1466667e+003
  7.2213333e+003
  7.2373333e+003
  7.2586667e+003
  7.3386667e+003
  7.4560000e+003
  7.4613333e+003
  7.4826667e+003
  7.4880000e+003
  7.4933333e+003
  7.5786667e+003
  7.5840000e+003
  7.6906667e+003
  7.7280000e+003
  7.7386667e+003
  7.8026667e+003
  7.8080000e+003
  7.8293333e+003
  7.8400000e+003
  7.8560000e+003
  7.9200000e+003
