  1.0666667e+001
  8.0000000e+001
  1.0133333e+002
  1.0666667e+002
  1.1200000e+002
  1.9200000e+002
  1.9733333e+002
  2.0266667e+002
  2.1333333e+002
  2.2400000e+002
  2.2933333e+002
  2.3466667e+002
  2.4533333e+002
  3.2533333e+002
  3.3066667e+002
  4.3200000e+002
  4.5333333e+002
  4.6400000e+002
  4.6933333e+002
  5.7600000e+002
  6.0800000e+002
  6.7733333e+002
  6.8266667e+002
  7.0400000e+002
  7.0933333e+002
  7.2000000e+002
  7.2533333e+002
  7.4133333e+002
  8.1066667e+002
  8.2133333e+002
  8.4266667e+002
  8.5333333e+002
  9.1733333e+002
  9.2266667e+002
  9.4400000e+002
  9.6533333e+002
  9.8133333e+002
  1.0346667e+003
  1.0400000e+003
  1.0613333e+003
  1.0720000e+003
  1.0826667e+003
  1.0933333e+003
  1.0986667e+003
  1.1093333e+003
  1.1573333e+003
  1.1946667e+003
  1.2000000e+003
  1.2160000e+003
  1.2906667e+003
  1.3173333e+003
  1.3280000e+003
  1.3333333e+003
  1.3440000e+003
  1.4133333e+003
  1.4240000e+003
  1.4293333e+003
  1.4666667e+003
  1.4720000e+003
  1.5200000e+003
  1.5360000e+003
  1.5413333e+003
  1.5573333e+003
  1.6640000e+003
  1.6853333e+003
  1.6960000e+003
  1.7066667e+003
  1.7973333e+003
  1.8133333e+003
  1.8293333e+003
  1.8880000e+003
  1.9093333e+003
  1.9146667e+003
  1.9253333e+003
  1.9573333e+003
  2.0426667e+003
  2.0586667e+003
  2.1600000e+003
  2.1760000e+003
  2.2506667e+003
  2.2720000e+003
  2.2880000e+003
  2.3200000e+003
  2.3893333e+003
  2.4480000e+003
  2.5013333e+003
  2.5280000e+003
  2.5493333e+003
  2.5546667e+003
  2.5600000e+003
  2.6400000e+003
  2.6453333e+003
  2.7840000e+003
  2.8693333e+003
  2.8906667e+003
  2.8960000e+003
  2.9173333e+003
  2.9280000e+003
  3.0133333e+003
  3.0400000e+003
  3.0453333e+003
  3.0506667e+003
  3.1200000e+003
  3.1360000e+003
  3.1466667e+003
  3.1573333e+003
  3.1626667e+003
  3.1733333e+003
  3.1786667e+003
  3.2320000e+003
  3.2373333e+003
  3.2480000e+003
  3.2586667e+003
  3.2746667e+003
  3.3546667e+003
  3.3653333e+003
  3.3866667e+003
  3.4026667e+003
  3.4080000e+003
  3.4773333e+003
  3.4880000e+003
  3.5040000e+003
  3.5093333e+003
  3.5146667e+003
  3.5200000e+003
  3.5946667e+003
  3.6160000e+003
  3.6266667e+003
  3.6373333e+003
  3.6586667e+003
  3.7333333e+003
  3.7386667e+003
  3.7600000e+003
  3.7653333e+003
  3.7706667e+003
  3.8400000e+003
  3.8506667e+003
  3.8560000e+003
  3.8613333e+003
  3.8720000e+003
  3.8773333e+003
  3.8826667e+003
  3.8986667e+003
  3.9893333e+003
  3.9946667e+003
  4.0160000e+003
  4.0853333e+003
  4.1013333e+003
  4.1120000e+003
  4.1173333e+003
  4.1493333e+003
  4.2080000e+003
  4.2293333e+003
  4.2346667e+003
  4.2453333e+003
  4.2560000e+003
  4.2613333e+003
  4.2773333e+003
  4.3573333e+003
  4.3733333e+003
  4.4533333e+003
  4.4693333e+003
  4.5013333e+003
  4.5066667e+003
  4.5813333e+003
  4.5920000e+003
  4.5973333e+003
  4.6133333e+003
  4.6933333e+003
  4.7040000e+003
  4.7200000e+003
  4.7253333e+003
  4.7520000e+003
  4.8426667e+003
  4.8640000e+003
  4.9706667e+003
  4.9920000e+003
  5.0880000e+003
  5.1040000e+003
  5.1146667e+003
  5.2053333e+003
  5.2106667e+003
  5.2266667e+003
  5.2320000e+003
  5.3120000e+003
  5.3280000e+003
  5.4240000e+003
  5.4400000e+003
  5.4453333e+003
  5.4560000e+003
  5.4666667e+003
  5.4720000e+003
  5.4826667e+003
  5.4880000e+003
  5.5946667e+003
  5.6960000e+003
  5.7013333e+003
  5.7066667e+003
  5.7120000e+003
  5.8026667e+003
  5.8080000e+003
  5.8133333e+003
  5.8186667e+003
  5.8240000e+003
  5.8293333e+003
  5.9200000e+003
  5.9253333e+003
  5.9306667e+003
  5.9360000e+003
  5.9466667e+003
  5.9680000e+003
  5.9733333e+003
  5.9840000e+003
  6.0533333e+003
  6.0693333e+003
  6.0746667e+003
  6.0960000e+003
  6.1546667e+003
  6.1760000e+003
  6.1813333e+003
  6.1920000e+003
  6.2880000e+003
  6.2933333e+003
  6.2986667e+003
  6.3040000e+003
  6.3146667e+003
  6.3306667e+003
  6.3413333e+003
  6.3946667e+003
  6.4160000e+003
  6.4373333e+003
  6.4480000e+003
  6.5333333e+003
  6.5386667e+003
  6.5440000e+003
  6.5493333e+003
  6.5813333e+003
  6.6666667e+003
  6.6773333e+003
  6.6986667e+003
  6.7680000e+003
  6.7733333e+003
  6.7786667e+003
  6.7946667e+003
  6.8000000e+003
  6.8053333e+003
  6.9226667e+003
  6.9386667e+003
  7.0186667e+003
  7.0240000e+003
  7.0346667e+003
  7.0400000e+003
  7.0506667e+003
  7.0560000e+003
  7.0613333e+003
  7.1466667e+003
  7.1520000e+003
  7.1573333e+003
  7.1626667e+003
  7.1733333e+003
  7.1840000e+003
  7.2480000e+003
  7.2586667e+003
  7.2640000e+003
  7.2746667e+003
  7.2800000e+003
  7.3013333e+003
  7.3066667e+003
  7.3973333e+003
  7.4986667e+003
  7.5146667e+003
  7.5253333e+003
  7.6213333e+003
  7.6266667e+003
  7.6426667e+003
  7.6480000e+003
  7.6640000e+003
  7.7600000e+003
  7.7760000e+003
  7.7813333e+003
  7.7866667e+003
  7.7920000e+003
  7.8666667e+003
  7.8826667e+003
  7.8933333e+003
  7.9040000e+003
  7.9200000e+003
  8.0000000e+003
