  5.8666667e+001
  6.4000000e+001
  9.0666667e+001
  9.6000000e+001
  1.0666667e+002
  1.1733333e+002
  1.3333333e+002
  1.9733333e+002
  2.1866667e+002
  2.2400000e+002
  2.3466667e+002
  2.5066667e+002
  3.5200000e+002
  3.5733333e+002
  3.7333333e+002
  3.7866667e+002
  3.8400000e+002
  3.8933333e+002
  3.9466667e+002
  4.0000000e+002
  4.0533333e+002
  4.5866667e+002
  4.6933333e+002
  4.8533333e+002
  4.9600000e+002
  5.1200000e+002
  5.1733333e+002
  6.0266667e+002
  6.0800000e+002
  6.3466667e+002
  6.5066667e+002
  6.5600000e+002
  6.6133333e+002
  7.2533333e+002
  7.3600000e+002
  7.6266667e+002
  7.6800000e+002
  7.8933333e+002
  8.0000000e+002
  8.8000000e+002
  8.8533333e+002
  9.1200000e+002
  9.1733333e+002
  9.2266667e+002
  9.3333333e+002
  1.0133333e+003
  1.0186667e+003
  1.0293333e+003
  1.0560000e+003
  1.1413333e+003
  1.1680000e+003
  1.1893333e+003
  1.2106667e+003
  1.2853333e+003
  1.2906667e+003
  1.2960000e+003
  1.3120000e+003
  1.3226667e+003
  1.3333333e+003
  1.4026667e+003
  1.4186667e+003
  1.4453333e+003
  1.4560000e+003
  1.5626667e+003
  1.5733333e+003
  1.5786667e+003
  1.5893333e+003
  1.6106667e+003
  1.6746667e+003
  1.6853333e+003
  1.6960000e+003
  1.7226667e+003
  1.8240000e+003
  1.8293333e+003
  1.8346667e+003
  1.8560000e+003
  1.9466667e+003
  1.9680000e+003
  1.9840000e+003
  2.0746667e+003
  2.0853333e+003
  2.0906667e+003
  2.1120000e+003
  2.1226667e+003
  2.1333333e+003
  2.1386667e+003
  2.2186667e+003
  2.2240000e+003
  2.2346667e+003
  2.2720000e+003
  2.3573333e+003
  2.3626667e+003
  2.3733333e+003
  2.3946667e+003
  2.4000000e+003
  2.4053333e+003
  2.4106667e+003
  2.5173333e+003
  2.5280000e+003
  2.6186667e+003
  2.6453333e+003
  2.6560000e+003
  2.6720000e+003
  2.7466667e+003
  2.7520000e+003
  2.7626667e+003
  2.7840000e+003
  2.7946667e+003
  2.8000000e+003
  2.8160000e+003
  2.8853333e+003
  2.9013333e+003
  2.9066667e+003
  2.9280000e+003
  2.9493333e+003
  2.9600000e+003
  3.0293333e+003
  3.0400000e+003
  3.0453333e+003
  3.0666667e+003
  3.0773333e+003
  3.0826667e+003
  3.0986667e+003
  3.1680000e+003
  3.1786667e+003
  3.2106667e+003
  3.2160000e+003
  3.2320000e+003
  3.3120000e+003
  3.3173333e+003
  3.3226667e+003
  3.3280000e+003
  3.3600000e+003
  3.3653333e+003
  3.4293333e+003
  3.4400000e+003
  3.4453333e+003
  3.4506667e+003
  3.4560000e+003
  3.4613333e+003
  3.4880000e+003
  3.5786667e+003
  3.5840000e+003
  3.6000000e+003
  3.6906667e+003
  3.7013333e+003
  3.7280000e+003
  3.7333333e+003
  3.8453333e+003
  3.8560000e+003
  3.8666667e+003
  3.8773333e+003
  3.8880000e+003
  3.8986667e+003
  3.9680000e+003
  3.9840000e+003
  3.9893333e+003
  4.0960000e+003
  4.1280000e+003
  4.1440000e+003
  4.1600000e+003
  4.2293333e+003
  4.2346667e+003
  4.2613333e+003
  4.2826667e+003
  4.2880000e+003
  4.2986667e+003
  4.3093333e+003
  4.3893333e+003
  4.3946667e+003
  4.4000000e+003
  4.4053333e+003
  4.4160000e+003
  4.4213333e+003
  4.4266667e+003
  4.4373333e+003
  4.4426667e+003
  4.4960000e+003
  4.5013333e+003
  4.5120000e+003
  4.5280000e+003
  4.5333333e+003
  4.5440000e+003
  4.5653333e+003
  4.5760000e+003
  4.6453333e+003
  4.6560000e+003
  4.6613333e+003
  4.6720000e+003
  4.6773333e+003
  4.7093333e+003
  4.7893333e+003
  4.8053333e+003
  4.9386667e+003
  4.9813333e+003
  5.0453333e+003
  5.0506667e+003
  5.0666667e+003
  5.0773333e+003
  5.1786667e+003
  5.1893333e+003
  5.1946667e+003
  5.2000000e+003
  5.2053333e+003
  5.2320000e+003
  5.3333333e+003
  5.3653333e+003
  5.3706667e+003
  5.4560000e+003
  5.4613333e+003
  5.4720000e+003
  5.4933333e+003
  5.5040000e+003
  5.5840000e+003
  5.6106667e+003
  5.6160000e+003
  5.6213333e+003
  5.6266667e+003
  5.7066667e+003
  5.7280000e+003
  5.7333333e+003
  5.7600000e+003
  5.7706667e+003
  5.7760000e+003
  5.8506667e+003
  5.8613333e+003
  5.8826667e+003
  5.8933333e+003
  5.9146667e+003
  5.9946667e+003
  6.0000000e+003
  6.0106667e+003
  6.0266667e+003
  6.0373333e+003
  6.0533333e+003
  6.1120000e+003
  6.1226667e+003
  6.1280000e+003
  6.1333333e+003
  6.1493333e+003
  6.1546667e+003
  6.1706667e+003
  6.1760000e+003
  6.1866667e+003
  6.2613333e+003
  6.2720000e+003
  6.2773333e+003
  6.2826667e+003
  6.2880000e+003
  6.2986667e+003
  6.3093333e+003
  6.3146667e+003
  6.3893333e+003
  6.4320000e+003
  6.4480000e+003
  6.4533333e+003
  6.5173333e+003
  6.5600000e+003
  6.5653333e+003
  6.5706667e+003
  6.5760000e+003
  6.5813333e+003
  6.6560000e+003
  6.6880000e+003
  6.7040000e+003
  6.7840000e+003
  6.7946667e+003
  6.8106667e+003
  6.8533333e+003
  6.9226667e+003
  6.9280000e+003
  6.9600000e+003
  6.9653333e+003
  6.9706667e+003
  6.9866667e+003
  6.9920000e+003
  6.9973333e+003
  7.0506667e+003
  7.0666667e+003
  7.0720000e+003
  7.0773333e+003
  7.0826667e+003
  7.0933333e+003
  7.0986667e+003
  7.2053333e+003
  7.2266667e+003
  7.2320000e+003
  7.2373333e+003
  7.2426667e+003
  7.2480000e+003
  7.3280000e+003
  7.3440000e+003
  7.3493333e+003
  7.3546667e+003
  7.3600000e+003
  7.3653333e+003
  7.3920000e+003
  7.3973333e+003
  7.4826667e+003
  7.4986667e+003
  7.6106667e+003
  7.6640000e+003
  7.7333333e+003
  7.7386667e+003
  7.7600000e+003
  7.7760000e+003
  7.8666667e+003
  7.8986667e+003
  7.9040000e+003
  7.9146667e+003
  7.9200000e+003
  7.9253333e+003
