  5.3333333e+000
  1.0666667e+001
  3.2000000e+001
  4.2666667e+001
  4.8000000e+001
  5.3333333e+001
  6.4000000e+001
  1.2800000e+002
  1.4400000e+002
  1.6000000e+002
  1.6533333e+002
  1.8133333e+002
  2.6666667e+002
  2.7200000e+002
  2.7733333e+002
  2.8800000e+002
  2.9866667e+002
  3.0400000e+002
  3.1466667e+002
  3.2533333e+002
  3.3066667e+002
  4.4800000e+002
  4.5333333e+002
  4.6400000e+002
  5.1733333e+002
  5.4400000e+002
  5.4933333e+002
  5.5466667e+002
  5.6000000e+002
  5.7066667e+002
  6.6666667e+002
  6.8800000e+002
  7.0933333e+002
  7.1466667e+002
  8.1066667e+002
  8.1600000e+002
  8.2133333e+002
  8.2666667e+002
  8.3200000e+002
  8.4800000e+002
  9.2266667e+002
  9.4933333e+002
  9.5466667e+002
  1.0560000e+003
  1.0773333e+003
  1.0880000e+003
  1.0986667e+003
  1.1093333e+003
  1.1893333e+003
  1.2213333e+003
  1.2320000e+003
  1.2373333e+003
  1.2533333e+003
  1.3333333e+003
  1.3866667e+003
  1.4560000e+003
  1.4666667e+003
  1.4720000e+003
  1.4880000e+003
  1.5146667e+003
  1.5893333e+003
  1.6160000e+003
  1.6373333e+003
  1.6586667e+003
  1.7173333e+003
  1.7280000e+003
  1.7493333e+003
  1.7546667e+003
  1.7653333e+003
  1.8400000e+003
  1.8826667e+003
  1.8880000e+003
  1.9040000e+003
  1.9893333e+003
  1.9946667e+003
  2.0213333e+003
  2.0266667e+003
  2.1173333e+003
  2.1280000e+003
  2.1333333e+003
  2.2826667e+003
  2.2880000e+003
  2.3040000e+003
  2.3786667e+003
  2.3840000e+003
  2.3893333e+003
  2.4000000e+003
  2.4053333e+003
  2.4160000e+003
  2.5066667e+003
  2.5120000e+003
  2.5280000e+003
  2.5333333e+003
  2.5440000e+003
  2.5493333e+003
  2.5653333e+003
  2.6506667e+003
  2.6560000e+003
  2.6613333e+003
  2.6720000e+003
  2.6933333e+003
  2.7093333e+003
  2.8373333e+003
  2.9493333e+003
  2.9546667e+003
  2.9653333e+003
  3.0453333e+003
  3.0613333e+003
  3.0720000e+003
  3.0773333e+003
  3.0880000e+003
  3.1786667e+003
  3.1946667e+003
  3.2373333e+003
  3.2426667e+003
  3.3066667e+003
  3.3280000e+003
  3.3333333e+003
  3.3386667e+003
  3.3600000e+003
  3.3706667e+003
  3.4346667e+003
  3.4506667e+003
  3.4560000e+003
  3.4666667e+003
  3.5733333e+003
  3.5946667e+003
  3.6000000e+003
  3.6320000e+003
  3.7120000e+003
  3.7226667e+003
  3.7280000e+003
  3.7386667e+003
  3.7493333e+003
  3.7546667e+003
  3.8400000e+003
  3.8453333e+003
  3.8613333e+003
  3.8666667e+003
  3.8826667e+003
  3.8986667e+003
  3.9840000e+003
  4.0000000e+003
  4.0106667e+003
  4.0160000e+003
  4.0213333e+003
  4.1013333e+003
  4.1066667e+003
  4.1226667e+003
  4.1280000e+003
  4.1333333e+003
  4.1440000e+003
  4.1653333e+003
  4.2453333e+003
  4.2720000e+003
  4.2880000e+003
  4.3040000e+003
  4.3680000e+003
  4.3786667e+003
  4.4053333e+003
  4.4106667e+003
  4.4320000e+003
  4.5013333e+003
  4.5173333e+003
  4.5280000e+003
  4.5333333e+003
  4.5386667e+003
  4.5440000e+003
  4.5546667e+003
  4.6240000e+003
  4.6293333e+003
  4.6720000e+003
  4.7626667e+003
  4.7680000e+003
  4.7786667e+003
  4.7946667e+003
  4.8106667e+003
  4.8906667e+003
  4.9333333e+003
  4.9653333e+003
  5.0186667e+003
  5.0293333e+003
  5.0453333e+003
  5.0720000e+003
  5.0826667e+003
  5.0880000e+003
  5.1626667e+003
  5.1680000e+003
  5.1786667e+003
  5.1946667e+003
  5.2000000e+003
  5.2266667e+003
  5.2960000e+003
  5.3173333e+003
  5.3333333e+003
  5.3386667e+003
  5.3546667e+003
  5.4133333e+003
  5.4400000e+003
  5.4773333e+003
  5.5680000e+003
  5.5733333e+003
  5.5893333e+003
  5.5946667e+003
  5.6800000e+003
  5.7066667e+003
  5.8346667e+003
  5.8400000e+003
  5.8560000e+003
  5.9520000e+003
  6.0000000e+003
  6.0800000e+003
  6.1280000e+003
  6.2240000e+003
  6.2453333e+003
  6.2720000e+003
  6.3413333e+003
  6.3520000e+003
  6.3573333e+003
  6.3680000e+003
  6.4053333e+003
  6.4693333e+003
  6.4853333e+003
  6.4906667e+003
  6.5120000e+003
  6.5173333e+003
  6.6133333e+003
  6.6186667e+003
  6.6240000e+003
  6.6506667e+003
  6.6613333e+003
  6.7680000e+003
  6.8693333e+003
  6.8746667e+003
  6.8853333e+003
  6.9066667e+003
  6.9333333e+003
  7.0080000e+003
  7.0133333e+003
  7.0506667e+003
  7.0613333e+003
  7.0720000e+003
  7.1466667e+003
  7.1680000e+003
  7.1733333e+003
  7.1893333e+003
  7.2000000e+003
  7.2746667e+003
  7.2960000e+003
  7.3066667e+003
  7.3226667e+003
  7.4080000e+003
  7.4186667e+003
  7.4240000e+003
  7.4400000e+003
  7.4666667e+003
  7.5306667e+003
  7.5573333e+003
  7.5733333e+003
  7.5840000e+003
  7.5893333e+003
  7.6640000e+003
  7.6693333e+003
  7.6800000e+003
  7.6906667e+003
  7.7066667e+003
  7.7226667e+003
  7.7280000e+003
  7.8186667e+003
  7.8346667e+003
  7.8400000e+003
  7.8613333e+003
  7.8666667e+003
  7.9253333e+003
  7.9306667e+003
  7.9466667e+003
  7.9520000e+003
  7.9573333e+003
  8.0000000e+003
