  0.0000000e+000
  1.0666667e+001
  1.6000000e+001
  3.2000000e+001
  3.7333333e+001
  4.8000000e+001
  1.1733333e+002
  1.3866667e+002
  1.4933333e+002
  1.5466667e+002
  1.8666667e+002
  2.5600000e+002
  2.7200000e+002
  3.1466667e+002
  3.8933333e+002
  4.2133333e+002
  4.4266667e+002
  5.5466667e+002
  6.5066667e+002
  6.6133333e+002
  6.8800000e+002
  7.6266667e+002
  7.7333333e+002
  7.7866667e+002
  7.9466667e+002
  8.1066667e+002
  8.2133333e+002
  8.2666667e+002
  8.9066667e+002
  9.0133333e+002
  9.1733333e+002
  9.2266667e+002
  9.2800000e+002
  9.3866667e+002
  1.0186667e+003
  1.0400000e+003
  1.0613333e+003
  1.1520000e+003
  1.1573333e+003
  1.1626667e+003
  1.1680000e+003
  1.1786667e+003
  1.1840000e+003
  1.2000000e+003
  1.2853333e+003
  1.3120000e+003
  1.3226667e+003
  1.4133333e+003
  1.4346667e+003
  1.4453333e+003
  1.5360000e+003
  1.5466667e+003
  1.5626667e+003
  1.5680000e+003
  1.5733333e+003
  1.6640000e+003
  1.7066667e+003
  1.7866667e+003
  1.7920000e+003
  1.7973333e+003
  1.8186667e+003
  1.8293333e+003
  1.8400000e+003
  1.9040000e+003
  1.9093333e+003
  1.9146667e+003
  1.9200000e+003
  1.9253333e+003
  1.9306667e+003
  1.9413333e+003
  1.9466667e+003
  1.9520000e+003
  1.9573333e+003
  1.9786667e+003
  2.0640000e+003
  2.0853333e+003
  2.1013333e+003
  2.1600000e+003
  2.1813333e+003
  2.2133333e+003
  2.2240000e+003
  2.2933333e+003
  2.3146667e+003
  2.3253333e+003
  2.3306667e+003
  2.3413333e+003
  2.3573333e+003
  2.4320000e+003
  2.4586667e+003
  2.5653333e+003
  2.5760000e+003
  2.5813333e+003
  2.6026667e+003
  2.7200000e+003
  2.7253333e+003
  2.8266667e+003
  2.8426667e+003
  2.8480000e+003
  2.8693333e+003
  2.9440000e+003
  2.9600000e+003
  2.9653333e+003
  2.9706667e+003
  2.9866667e+003
  3.0026667e+003
  3.0613333e+003
  3.0880000e+003
  3.0986667e+003
  3.1040000e+003
  3.1146667e+003
  3.1253333e+003
  3.1306667e+003
  3.2160000e+003
  3.2213333e+003
  3.2373333e+003
  3.2480000e+003
  3.3173333e+003
  3.3226667e+003
  3.3546667e+003
  3.3600000e+003
  3.3653333e+003
  3.4560000e+003
  3.4613333e+003
  3.4666667e+003
  3.4720000e+003
  3.4773333e+003
  3.4826667e+003
  3.5040000e+003
  3.5840000e+003
  3.5893333e+003
  3.6053333e+003
  3.6160000e+003
  3.6266667e+003
  3.6320000e+003
  3.7066667e+003
  3.7226667e+003
  3.7280000e+003
  3.7386667e+003
  3.7706667e+003
  3.8400000e+003
  3.8560000e+003
  3.8986667e+003
  3.9573333e+003
  3.9893333e+003
  3.9946667e+003
  4.0053333e+003
  4.0213333e+003
  4.1013333e+003
  4.1066667e+003
  4.1120000e+003
  4.1386667e+003
  4.1546667e+003
  4.1600000e+003
  4.2186667e+003
  4.2293333e+003
  4.2346667e+003
  4.2506667e+003
  4.2613333e+003
  4.3573333e+003
  4.4053333e+003
  4.4693333e+003
  4.4853333e+003
  4.4906667e+003
  4.5226667e+003
  4.6080000e+003
  4.6186667e+003
  4.6240000e+003
  4.6666667e+003
  4.7466667e+003
  4.7520000e+003
  4.7680000e+003
  4.8000000e+003
  4.8960000e+003
  4.9120000e+003
  4.9173333e+003
  4.9866667e+003
  5.0026667e+003
  5.0186667e+003
  5.0506667e+003
  5.1146667e+003
  5.1200000e+003
  5.1306667e+003
  5.1360000e+003
  5.1466667e+003
  5.1840000e+003
  5.2426667e+003
  5.2533333e+003
  5.2800000e+003
  5.2906667e+003
  5.2960000e+003
  5.3173333e+003
  5.3760000e+003
  5.3866667e+003
  5.3920000e+003
  5.4133333e+003
  5.4986667e+003
  5.5093333e+003
  5.5146667e+003
  5.5306667e+003
  5.6213333e+003
  5.6373333e+003
  5.6426667e+003
  5.6800000e+003
  5.6853333e+003
  5.7706667e+003
  5.7920000e+003
  5.8826667e+003
  5.9200000e+003
  5.9306667e+003
  5.9413333e+003
  6.0106667e+003
  6.0426667e+003
  6.0586667e+003
  6.0640000e+003
  6.0693333e+003
  6.0746667e+003
  6.1386667e+003
  6.1493333e+003
  6.1653333e+003
  6.1866667e+003
  6.1920000e+003
  6.1973333e+003
  6.2933333e+003
  6.2986667e+003
  6.3253333e+003
  6.4000000e+003
  6.4053333e+003
  6.4213333e+003
  6.4320000e+003
  6.4373333e+003
  6.4640000e+003
  6.5333333e+003
  6.5493333e+003
  6.5866667e+003
  6.6506667e+003
  6.6773333e+003
  6.7040000e+003
  6.7146667e+003
  6.7786667e+003
  6.7893333e+003
  6.8053333e+003
  6.8160000e+003
  6.8266667e+003
  6.8320000e+003
  6.8373333e+003
  6.9173333e+003
  6.9333333e+003
  6.9386667e+003
  6.9493333e+003
  6.9546667e+003
  7.0400000e+003
  7.0613333e+003
  7.0720000e+003
  7.1093333e+003
  7.1626667e+003
  7.2000000e+003
  7.2213333e+003
  7.2266667e+003
  7.2906667e+003
  7.3173333e+003
  7.3280000e+003
  7.3493333e+003
  7.3546667e+003
  7.4133333e+003
  7.4240000e+003
  7.4293333e+003
  7.4506667e+003
  7.4613333e+003
  7.4773333e+003
  7.4826667e+003
  7.4880000e+003
  7.5466667e+003
  7.5573333e+003
  7.5786667e+003
  7.6106667e+003
  7.6800000e+003
  7.6853333e+003
  7.6960000e+003
  7.7066667e+003
  7.7120000e+003
  7.7226667e+003
  7.7280000e+003
  7.7333333e+003
  7.7973333e+003
  7.8026667e+003
  7.8133333e+003
  7.8186667e+003
  7.8346667e+003
  7.8400000e+003
  7.9360000e+003
  7.9520000e+003
  7.9680000e+003
  7.9840000e+003
