  5.3333333e+000
  5.8666667e+001
  6.9333333e+001
  9.0666667e+001
  1.2266667e+002
  1.8133333e+002
  1.8666667e+002
  1.9200000e+002
  1.9733333e+002
  2.1333333e+002
  2.2400000e+002
  2.2933333e+002
  2.3466667e+002
  2.4000000e+002
  3.2000000e+002
  3.2533333e+002
  3.6800000e+002
  4.5333333e+002
  4.7466667e+002
  5.4400000e+002
  5.6000000e+002
  5.7066667e+002
  5.8666667e+002
  6.1866667e+002
  7.0400000e+002
  7.1466667e+002
  7.2533333e+002
  7.3066667e+002
  7.9466667e+002
  8.0000000e+002
  8.1066667e+002
  8.1600000e+002
  8.2666667e+002
  8.4800000e+002
  8.5333333e+002
  9.1733333e+002
  9.2266667e+002
  9.3866667e+002
  9.4400000e+002
  9.5466667e+002
  9.7600000e+002
  1.0400000e+003
  1.0506667e+003
  1.0560000e+003
  1.0720000e+003
  1.0773333e+003
  1.0986667e+003
  1.1893333e+003
  1.1946667e+003
  1.2000000e+003
  1.2106667e+003
  1.2160000e+003
  1.2213333e+003
  1.2906667e+003
  1.3120000e+003
  1.3226667e+003
  1.3333333e+003
  1.3440000e+003
  1.4293333e+003
  1.4453333e+003
  1.4506667e+003
  1.4613333e+003
  1.5253333e+003
  1.5306667e+003
  1.5360000e+003
  1.5626667e+003
  1.5946667e+003
  1.6533333e+003
  1.6960000e+003
  1.7866667e+003
  1.8026667e+003
  1.8240000e+003
  1.8293333e+003
  1.8346667e+003
  1.8880000e+003
  1.9200000e+003
  1.9253333e+003
  1.9360000e+003
  1.9413333e+003
  1.9466667e+003
  1.9573333e+003
  2.0373333e+003
  2.0533333e+003
  2.0586667e+003
  2.0746667e+003
  2.1386667e+003
  2.1493333e+003
  2.1546667e+003
  2.1706667e+003
  2.2026667e+003
  2.2613333e+003
  2.2773333e+003
  2.3200000e+003
  2.3786667e+003
  2.3946667e+003
  2.4106667e+003
  2.4266667e+003
  2.5013333e+003
  2.5066667e+003
  2.6240000e+003
  2.6346667e+003
  2.6453333e+003
  2.6560000e+003
  2.6773333e+003
  2.6826667e+003
  2.7733333e+003
  2.7893333e+003
  2.8000000e+003
  2.9066667e+003
  2.9120000e+003
  2.9280000e+003
  3.0133333e+003
  3.0186667e+003
  3.0293333e+003
  3.1146667e+003
  3.1200000e+003
  3.1413333e+003
  3.1466667e+003
  3.1520000e+003
  3.1626667e+003
  3.2373333e+003
  3.2426667e+003
  3.2533333e+003
  3.2693333e+003
  3.2746667e+003
  3.2800000e+003
  3.2853333e+003
  3.3546667e+003
  3.3706667e+003
  3.3920000e+003
  3.4933333e+003
  3.4986667e+003
  3.5093333e+003
  3.5360000e+003
  3.6160000e+003
  3.6213333e+003
  3.6480000e+003
  3.6586667e+003
  3.7280000e+003
  3.7386667e+003
  3.7440000e+003
  3.7760000e+003
  3.8400000e+003
  3.8613333e+003
  3.8773333e+003
  3.9626667e+003
  3.9733333e+003
  4.0000000e+003
  4.0160000e+003
  4.0266667e+003
  4.0800000e+003
  4.1333333e+003
  4.2026667e+003
  4.2080000e+003
  4.2133333e+003
  4.2293333e+003
  4.2613333e+003
  4.3413333e+003
  4.3520000e+003
  4.3573333e+003
  4.3680000e+003
  4.3893333e+003
  4.4426667e+003
  4.4586667e+003
  4.4640000e+003
  4.4693333e+003
  4.4746667e+003
  4.4853333e+003
  4.4906667e+003
  4.5013333e+003
  4.5760000e+003
  4.5813333e+003
  4.6026667e+003
  4.6133333e+003
  4.6186667e+003
  4.6240000e+003
  4.6293333e+003
  4.6346667e+003
  4.6933333e+003
  4.6986667e+003
  4.7093333e+003
  4.7200000e+003
  4.8266667e+003
  4.8373333e+003
  4.8426667e+003
  4.8586667e+003
  4.8693333e+003
  4.8746667e+003
  4.9653333e+003
  4.9760000e+003
  4.9866667e+003
  5.0666667e+003
  5.1093333e+003
  5.1200000e+003
  5.1253333e+003
  5.1786667e+003
  5.2106667e+003
  5.3066667e+003
  5.3120000e+003
  5.3173333e+003
  5.3280000e+003
  5.3546667e+003
  5.4293333e+003
  5.4773333e+003
  5.4880000e+003
  5.5520000e+003
  5.5626667e+003
  5.5893333e+003
  5.6000000e+003
  5.6693333e+003
  5.6800000e+003
  5.6906667e+003
  5.7013333e+003
  5.7920000e+003
  5.7973333e+003
  5.8026667e+003
  5.8186667e+003
  5.8400000e+003
  5.8453333e+003
  5.8560000e+003
  5.8613333e+003
  5.9093333e+003
  5.9200000e+003
  5.9253333e+003
  5.9306667e+003
  5.9360000e+003
  5.9520000e+003
  5.9573333e+003
  5.9626667e+003
  5.9680000e+003
  6.0373333e+003
  6.0533333e+003
  6.0693333e+003
  6.0746667e+003
  6.0800000e+003
  6.0960000e+003
  6.1013333e+003
  6.1493333e+003
  6.1546667e+003
  6.1600000e+003
  6.1760000e+003
  6.1813333e+003
  6.1866667e+003
  6.1973333e+003
  6.2026667e+003
  6.2080000e+003
  6.2186667e+003
  6.2826667e+003
  6.2986667e+003
  6.3040000e+003
  6.3146667e+003
  6.3306667e+003
  6.3946667e+003
  6.4053333e+003
  6.4106667e+003
  6.4160000e+003
  6.4213333e+003
  6.4266667e+003
  6.4373333e+003
  6.4533333e+003
  6.5173333e+003
  6.5333333e+003
  6.5493333e+003
  6.5653333e+003
  6.6613333e+003
  6.6666667e+003
  6.6880000e+003
  6.7946667e+003
  6.8053333e+003
  6.8106667e+003
  6.8160000e+003
  6.8213333e+003
  6.8266667e+003
  6.8960000e+003
  6.9013333e+003
  6.9066667e+003
  6.9120000e+003
  6.9386667e+003
  7.0293333e+003
  7.0400000e+003
  7.1413333e+003
  7.1626667e+003
  7.1680000e+003
  7.1786667e+003
  7.1893333e+003
  7.1946667e+003
  7.2640000e+003
  7.2960000e+003
  7.3013333e+003
  7.3760000e+003
  7.3866667e+003
  7.3920000e+003
  7.4346667e+003
  7.5093333e+003
  7.5146667e+003
  7.5306667e+003
  7.6213333e+003
  7.6266667e+003
  7.6320000e+003
  7.6426667e+003
  7.6533333e+003
  7.6640000e+003
  7.7546667e+003
  7.7706667e+003
  7.8080000e+003
  7.8720000e+003
  7.8773333e+003
  7.8826667e+003
  7.8880000e+003
  7.8933333e+003
  7.8986667e+003
  7.9040000e+003
  7.9200000e+003
  7.9893333e+003
  8.0000000e+003
