  1.6000000e+001
  3.2000000e+001
  3.7333333e+001
  4.2666667e+001
  6.9333333e+001
  8.0000000e+001
  1.7600000e+002
  1.8133333e+002
  2.1333333e+002
  2.2400000e+002
  3.2533333e+002
  4.2666667e+002
  4.4800000e+002
  4.5333333e+002
  4.5866667e+002
  4.8533333e+002
  5.6533333e+002
  5.7066667e+002
  5.9733333e+002
  6.2933333e+002
  6.3466667e+002
  7.0400000e+002
  7.1466667e+002
  7.3066667e+002
  7.4133333e+002
  7.5200000e+002
  8.3200000e+002
  8.5866667e+002
  8.8000000e+002
  8.9066667e+002
  8.9600000e+002
  9.8133333e+002
  9.9733333e+002
  1.0186667e+003
  1.0240000e+003
  1.1146667e+003
  1.1360000e+003
  1.1413333e+003
  1.1466667e+003
  1.1520000e+003
  1.1680000e+003
  1.2586667e+003
  1.2853333e+003
  1.2960000e+003
  1.3066667e+003
  1.3120000e+003
  1.3813333e+003
  1.3973333e+003
  1.4026667e+003
  1.4080000e+003
  1.4133333e+003
  1.4240000e+003
  1.4293333e+003
  1.4506667e+003
  1.5200000e+003
  1.5306667e+003
  1.5360000e+003
  1.5413333e+003
  1.5466667e+003
  1.5626667e+003
  1.5680000e+003
  1.6586667e+003
  1.6640000e+003
  1.6746667e+003
  1.6906667e+003
  1.7866667e+003
  1.7920000e+003
  1.8080000e+003
  1.8133333e+003
  1.8400000e+003
  1.8453333e+003
  1.8560000e+003
  1.9466667e+003
  1.9573333e+003
  1.9680000e+003
  1.9786667e+003
  2.0586667e+003
  2.0640000e+003
  2.1120000e+003
  2.1173333e+003
  2.1973333e+003
  2.2080000e+003
  2.2346667e+003
  2.2453333e+003
  2.2506667e+003
  2.2613333e+003
  2.2666667e+003
  2.3306667e+003
  2.3466667e+003
  2.3626667e+003
  2.3786667e+003
  2.4053333e+003
  2.4746667e+003
  2.4906667e+003
  2.5013333e+003
  2.5066667e+003
  2.5120000e+003
  2.5173333e+003
  2.6293333e+003
  2.6400000e+003
  2.7360000e+003
  2.7466667e+003
  2.7520000e+003
  2.7786667e+003
  2.7893333e+003
  2.8053333e+003
  2.8160000e+003
  2.9066667e+003
  2.9386667e+003
  2.9493333e+003
  3.0133333e+003
  3.0240000e+003
  3.0293333e+003
  3.0346667e+003
  3.0666667e+003
  3.1413333e+003
  3.1573333e+003
  3.1840000e+003
  3.1893333e+003
  3.2000000e+003
  3.2106667e+003
  3.2160000e+003
  3.2800000e+003
  3.3066667e+003
  3.3120000e+003
  3.3173333e+003
  3.3226667e+003
  3.3333333e+003
  3.3386667e+003
  3.3493333e+003
  3.3546667e+003
  3.4346667e+003
  3.4453333e+003
  3.4506667e+003
  3.4560000e+003
  3.4613333e+003
  3.5626667e+003
  3.5840000e+003
  3.5893333e+003
  3.5946667e+003
  3.6053333e+003
  3.6160000e+003
  3.6213333e+003
  3.6266667e+003
  3.7173333e+003
  3.7333333e+003
  3.7386667e+003
  3.7440000e+003
  3.7546667e+003
  3.8293333e+003
  3.8346667e+003
  3.8400000e+003
  3.8506667e+003
  3.8560000e+003
  3.8613333e+003
  3.8666667e+003
  3.8773333e+003
  3.9626667e+003
  3.9680000e+003
  3.9840000e+003
  4.0320000e+003
  4.0426667e+003
  4.0906667e+003
  4.1066667e+003
  4.1120000e+003
  4.1280000e+003
  4.1333333e+003
  4.1440000e+003
  4.1493333e+003
  4.2773333e+003
  4.2880000e+003
  4.2933333e+003
  4.3840000e+003
  4.3946667e+003
  4.4053333e+003
  4.4106667e+003
  4.4213333e+003
  4.4266667e+003
  4.5013333e+003
  4.5066667e+003
  4.5280000e+003
  4.5333333e+003
  4.5386667e+003
  4.5600000e+003
  4.5813333e+003
  4.6506667e+003
  4.6826667e+003
  4.6933333e+003
  4.7040000e+003
  4.8053333e+003
  4.8213333e+003
  4.8426667e+003
  4.9173333e+003
  4.9226667e+003
  4.9493333e+003
  4.9600000e+003
  5.0613333e+003
  5.0773333e+003
  5.1893333e+003
  5.1946667e+003
  5.2053333e+003
  5.2106667e+003
  5.2160000e+003
  5.2266667e+003
  5.2373333e+003
  5.2586667e+003
  5.3386667e+003
  5.3440000e+003
  5.3653333e+003
  5.3813333e+003
  5.3866667e+003
  5.4666667e+003
  5.4720000e+003
  5.4773333e+003
  5.4826667e+003
  5.4880000e+003
  5.4933333e+003
  5.5040000e+003
  5.5093333e+003
  5.5146667e+003
  5.5200000e+003
  5.5253333e+003
  5.5893333e+003
  5.6160000e+003
  5.6213333e+003
  5.6266667e+003
  5.6426667e+003
  5.6533333e+003
  5.7333333e+003
  5.7440000e+003
  5.7493333e+003
  5.7653333e+003
  5.8933333e+003
  5.9040000e+003
  5.9093333e+003
  5.9146667e+003
  5.9253333e+003
  6.0000000e+003
  6.0106667e+003
  6.0160000e+003
  6.0320000e+003
  6.0373333e+003
  6.0586667e+003
  6.0693333e+003
  6.0746667e+003
  6.1600000e+003
  6.1706667e+003
  6.1813333e+003
  6.1920000e+003
  6.1973333e+003
  6.2026667e+003
  6.2826667e+003
  6.2880000e+003
  6.2986667e+003
  6.3253333e+003
  6.3306667e+003
  6.3360000e+003
  6.3413333e+003
  6.4106667e+003
  6.4213333e+003
  6.4266667e+003
  6.4320000e+003
  6.4373333e+003
  6.4426667e+003
  6.4480000e+003
  6.4640000e+003
  6.4693333e+003
  6.4746667e+003
  6.5440000e+003
  6.5653333e+003
  6.5813333e+003
  6.5866667e+003
  6.6933333e+003
  6.7040000e+003
  6.7253333e+003
  6.7413333e+003
  6.7626667e+003
  6.8373333e+003
  6.8426667e+003
  6.8480000e+003
  6.8746667e+003
  6.9493333e+003
  6.9706667e+003
  7.0026667e+003
  7.0080000e+003
  7.0133333e+003
  7.0240000e+003
  7.1413333e+003
  7.2320000e+003
  7.2373333e+003
  7.2426667e+003
  7.2640000e+003
  7.2746667e+003
  7.2853333e+003
  7.2906667e+003
  7.4346667e+003
  7.5306667e+003
  7.5573333e+003
  7.6320000e+003
  7.6800000e+003
  7.6853333e+003
  7.6960000e+003
  7.7973333e+003
  7.8026667e+003
  7.8133333e+003
  7.8346667e+003
  7.9040000e+003
  7.9253333e+003
  7.9306667e+003
  7.9360000e+003
  7.9520000e+003
  7.9733333e+003
