  3.2000000e+001
  5.3333333e+001
  5.8666667e+001
  8.0000000e+001
  8.5333333e+001
  1.6000000e+002
  1.8133333e+002
  1.9733333e+002
  2.2400000e+002
  2.9333333e+002
  2.9866667e+002
  3.0400000e+002
  3.0933333e+002
  3.1466667e+002
  3.2533333e+002
  3.4133333e+002
  3.4666667e+002
  4.6933333e+002
  5.6533333e+002
  5.9733333e+002
  6.0800000e+002
  6.1333333e+002
  6.1866667e+002
  7.0933333e+002
  7.1466667e+002
  7.2533333e+002
  7.3600000e+002
  7.5200000e+002
  7.6266667e+002
  8.5866667e+002
  8.6400000e+002
  8.6933333e+002
  8.7466667e+002
  8.8533333e+002
  8.9066667e+002
  8.9600000e+002
  9.0133333e+002
  9.0666667e+002
  9.8666667e+002
  1.1360000e+003
  1.1413333e+003
  1.1573333e+003
  1.1786667e+003
  1.2746667e+003
  1.2853333e+003
  1.3066667e+003
  1.3813333e+003
  1.3920000e+003
  1.3973333e+003
  1.4026667e+003
  1.4080000e+003
  1.4133333e+003
  1.4240000e+003
  1.4400000e+003
  1.5306667e+003
  1.5360000e+003
  1.5413333e+003
  1.5520000e+003
  1.5680000e+003
  1.5840000e+003
  1.6586667e+003
  1.6693333e+003
  1.6853333e+003
  1.6960000e+003
  1.7013333e+003
  1.7173333e+003
  1.8453333e+003
  1.8560000e+003
  1.9146667e+003
  1.9413333e+003
  1.9466667e+003
  1.9520000e+003
  1.9786667e+003
  1.9840000e+003
  2.0693333e+003
  2.0853333e+003
  2.0906667e+003
  2.1013333e+003
  2.1173333e+003
  2.1226667e+003
  2.2026667e+003
  2.2133333e+003
  2.2400000e+003
  2.2613333e+003
  2.3413333e+003
  2.3573333e+003
  2.3680000e+003
  2.3733333e+003
  2.4000000e+003
  2.4746667e+003
  2.4800000e+003
  2.4853333e+003
  2.4906667e+003
  2.5013333e+003
  2.5120000e+003
  2.5173333e+003
  2.5226667e+003
  2.5386667e+003
  2.6026667e+003
  2.6186667e+003
  2.6346667e+003
  2.6453333e+003
  2.7413333e+003
  2.7466667e+003
  2.7573333e+003
  2.7680000e+003
  2.7786667e+003
  2.8800000e+003
  2.8906667e+003
  2.9013333e+003
  2.9066667e+003
  2.9173333e+003
  2.9226667e+003
  2.9386667e+003
  3.0080000e+003
  3.0133333e+003
  3.0240000e+003
  3.0293333e+003
  3.0506667e+003
  3.0560000e+003
  3.0720000e+003
  3.1413333e+003
  3.1466667e+003
  3.1520000e+003
  3.1573333e+003
  3.2160000e+003
  3.2853333e+003
  3.3440000e+003
  3.3493333e+003
  3.3546667e+003
  3.4293333e+003
  3.4346667e+003
  3.4453333e+003
  3.5573333e+003
  3.5626667e+003
  3.5680000e+003
  3.5946667e+003
  3.6160000e+003
  3.6266667e+003
  3.6960000e+003
  3.7013333e+003
  3.7226667e+003
  3.7280000e+003
  3.8346667e+003
  3.8400000e+003
  3.8453333e+003
  3.9733333e+003
  4.0106667e+003
  4.0160000e+003
  4.0213333e+003
  4.0266667e+003
  4.1066667e+003
  4.1120000e+003
  4.1333333e+003
  4.1760000e+003
  4.2400000e+003
  4.2506667e+003
  4.2613333e+003
  4.2720000e+003
  4.2773333e+003
  4.3946667e+003
  4.4160000e+003
  4.4480000e+003
  4.5013333e+003
  4.5226667e+003
  4.5440000e+003
  4.5546667e+003
  4.5600000e+003
  4.5813333e+003
  4.6613333e+003
  4.6720000e+003
  4.6826667e+003
  4.6933333e+003
  4.7040000e+003
  4.7093333e+003
  4.7840000e+003
  4.7946667e+003
  4.8000000e+003
  4.8106667e+003
  4.8266667e+003
  4.8373333e+003
  4.8586667e+003
  4.9120000e+003
  4.9173333e+003
  4.9493333e+003
  4.9653333e+003
  5.0666667e+003
  5.2053333e+003
  5.2160000e+003
  5.2266667e+003
  5.2586667e+003
  5.3386667e+003
  5.3440000e+003
  5.3546667e+003
  5.3653333e+003
  5.3813333e+003
  5.3866667e+003
  5.4613333e+003
  5.4666667e+003
  5.4880000e+003
  5.4933333e+003
  5.5040000e+003
  5.5093333e+003
  5.6053333e+003
  5.6106667e+003
  5.6213333e+003
  5.6533333e+003
  5.7333333e+003
  5.7440000e+003
  5.7493333e+003
  5.7600000e+003
  5.7706667e+003
  5.7866667e+003
  5.8026667e+003
  5.8720000e+003
  5.8880000e+003
  5.8986667e+003
  5.9040000e+003
  5.9253333e+003
  6.0106667e+003
  6.0160000e+003
  6.0480000e+003
  6.0533333e+003
  6.0586667e+003
  6.1333333e+003
  6.1600000e+003
  6.1866667e+003
  6.1920000e+003
  6.2080000e+003
  6.2880000e+003
  6.2986667e+003
  6.3040000e+003
  6.3253333e+003
  6.3413333e+003
  6.4106667e+003
  6.4320000e+003
  6.4426667e+003
  6.4586667e+003
  6.4693333e+003
  6.4800000e+003
  6.5546667e+003
  6.5600000e+003
  6.5973333e+003
  6.6080000e+003
  6.7093333e+003
  6.7360000e+003
  6.7413333e+003
  6.8266667e+003
  6.8373333e+003
  6.8480000e+003
  6.8586667e+003
  6.8640000e+003
  6.8853333e+003
  6.9546667e+003
  6.9653333e+003
  6.9760000e+003
  6.9973333e+003
  7.0240000e+003
  7.1040000e+003
  7.1200000e+003
  7.1253333e+003
  7.1520000e+003
  7.1626667e+003
  7.2533333e+003
  7.2586667e+003
  7.2746667e+003
  7.2800000e+003
  7.2853333e+003
  7.3600000e+003
  7.3653333e+003
  7.3920000e+003
  7.3973333e+003
  7.4186667e+003
  7.4986667e+003
  7.5040000e+003
  7.5253333e+003
  7.5360000e+003
  7.5520000e+003
  7.5626667e+003
  7.5733333e+003
  7.6480000e+003
  7.6693333e+003
  7.6800000e+003
  7.6853333e+003
  7.6906667e+003
  7.8026667e+003
  7.8133333e+003
  7.8186667e+003
  7.8400000e+003
  7.9200000e+003
  7.9520000e+003
  7.9680000e+003
  7.9840000e+003
