  4.2666667e+001
  4.8000000e+001
  5.3333333e+001
  5.8666667e+001
  6.9333333e+001
  1.2800000e+002
  1.3866667e+002
  1.4400000e+002
  1.7066667e+002
  1.7600000e+002
  1.8133333e+002
  1.9200000e+002
  2.6133333e+002
  2.8266667e+002
  2.9866667e+002
  3.1466667e+002
  3.2533333e+002
  3.9466667e+002
  4.2133333e+002
  4.4800000e+002
  5.3333333e+002
  5.3866667e+002
  5.4400000e+002
  5.4933333e+002
  5.7066667e+002
  6.6666667e+002
  6.7200000e+002
  6.7733333e+002
  6.8800000e+002
  7.1466667e+002
  7.3066667e+002
  8.2133333e+002
  8.5333333e+002
  9.1733333e+002
  9.3333333e+002
  9.3866667e+002
  9.4933333e+002
  9.8666667e+002
  1.0560000e+003
  1.0613333e+003
  1.0666667e+003
  1.0826667e+003
  1.1040000e+003
  1.1200000e+003
  1.2000000e+003
  1.2213333e+003
  1.2266667e+003
  1.2320000e+003
  1.2373333e+003
  1.2426667e+003
  1.3226667e+003
  1.3280000e+003
  1.3760000e+003
  1.3813333e+003
  1.4560000e+003
  1.4720000e+003
  1.4880000e+003
  1.5200000e+003
  1.5786667e+003
  1.5893333e+003
  1.5946667e+003
  1.6320000e+003
  1.6426667e+003
  1.6586667e+003
  1.7226667e+003
  1.7386667e+003
  1.7546667e+003
  1.7706667e+003
  1.8560000e+003
  1.8773333e+003
  1.8826667e+003
  1.9200000e+003
  2.0000000e+003
  2.0373333e+003
  2.1066667e+003
  2.1173333e+003
  2.1333333e+003
  2.1386667e+003
  2.1600000e+003
  2.2666667e+003
  2.2880000e+003
  2.2986667e+003
  2.3733333e+003
  2.3840000e+003
  2.4000000e+003
  2.4053333e+003
  2.4213333e+003
  2.4320000e+003
  2.4426667e+003
  2.4480000e+003
  2.5120000e+003
  2.5386667e+003
  2.5493333e+003
  2.5546667e+003
  2.6453333e+003
  2.6613333e+003
  2.6773333e+003
  2.7093333e+003
  2.7146667e+003
  2.8106667e+003
  2.8266667e+003
  2.8426667e+003
  2.8480000e+003
  2.9120000e+003
  2.9173333e+003
  2.9226667e+003
  2.9493333e+003
  3.0560000e+003
  3.0666667e+003
  3.0933333e+003
  3.0986667e+003
  3.1840000e+003
  3.1893333e+003
  3.2000000e+003
  3.2480000e+003
  3.3333333e+003
  3.3493333e+003
  3.3546667e+003
  3.4613333e+003
  3.4666667e+003
  3.4720000e+003
  3.4880000e+003
  3.5626667e+003
  3.5840000e+003
  3.6106667e+003
  3.6160000e+003
  3.6266667e+003
  3.6320000e+003
  3.7120000e+003
  3.7173333e+003
  3.7333333e+003
  3.7493333e+003
  3.8453333e+003
  3.8613333e+003
  3.8666667e+003
  3.9573333e+003
  3.9733333e+003
  3.9840000e+003
  4.0373333e+003
  4.1066667e+003
  4.1120000e+003
  4.1173333e+003
  4.1280000e+003
  4.1653333e+003
  4.2453333e+003
  4.2560000e+003
  4.2613333e+003
  4.2666667e+003
  4.2773333e+003
  4.3733333e+003
  4.4000000e+003
  4.4053333e+003
  4.4106667e+003
  4.4320000e+003
  4.5333333e+003
  4.5440000e+003
  4.5653333e+003
  4.6240000e+003
  4.6293333e+003
  4.6346667e+003
  4.6720000e+003
  4.6880000e+003
  4.7520000e+003
  4.8000000e+003
  4.8053333e+003
  4.8266667e+003
  4.9013333e+003
  4.9120000e+003
  4.9173333e+003
  4.9226667e+003
  4.9493333e+003
  4.9546667e+003
  5.0240000e+003
  5.0346667e+003
  5.1733333e+003
  5.2160000e+003
  5.2266667e+003
  5.2800000e+003
  5.3120000e+003
  5.3173333e+003
  5.3333333e+003
  5.4186667e+003
  5.4560000e+003
  5.4613333e+003
  5.4880000e+003
  5.5573333e+003
  5.5733333e+003
  5.5946667e+003
  5.6106667e+003
  5.6800000e+003
  5.6853333e+003
  5.7173333e+003
  5.7226667e+003
  5.7386667e+003
  5.7440000e+003
  5.8133333e+003
  5.8240000e+003
  5.8293333e+003
  5.8346667e+003
  5.8506667e+003
  5.8666667e+003
  5.9413333e+003
  5.9573333e+003
  5.9680000e+003
  5.9840000e+003
  6.0000000e+003
  6.0800000e+003
  6.0853333e+003
  6.1013333e+003
  6.1066667e+003
  6.1120000e+003
  6.1173333e+003
  6.1493333e+003
  6.2453333e+003
  6.2613333e+003
  6.2773333e+003
  6.3413333e+003
  6.3466667e+003
  6.3520000e+003
  6.3626667e+003
  6.3680000e+003
  6.3733333e+003
  6.3786667e+003
  6.5120000e+003
  6.5226667e+003
  6.5280000e+003
  6.5440000e+003
  6.6133333e+003
  6.6346667e+003
  6.6560000e+003
  6.6666667e+003
  6.6720000e+003
  6.7520000e+003
  6.7893333e+003
  6.7946667e+003
  6.8853333e+003
  6.9066667e+003
  7.0026667e+003
  7.0080000e+003
  7.0186667e+003
  7.0453333e+003
  7.0560000e+003
  7.0773333e+003
  7.1413333e+003
  7.1733333e+003
  7.1893333e+003
  7.2106667e+003
  7.2853333e+003
  7.2906667e+003
  7.3173333e+003
  7.3333333e+003
  7.3440000e+003
  7.4026667e+003
  7.4133333e+003
  7.4186667e+003
  7.4240000e+003
  7.4346667e+003
  7.4400000e+003
  7.4560000e+003
  7.4720000e+003
  7.5306667e+003
  7.5520000e+003
  7.5573333e+003
  7.5680000e+003
  7.5840000e+003
  7.5893333e+003
  7.6693333e+003
  7.6853333e+003
  7.6906667e+003
  7.6960000e+003
  7.7120000e+003
  7.7173333e+003
  7.7280000e+003
  7.7973333e+003
  7.8026667e+003
  7.8080000e+003
  7.8240000e+003
  7.8293333e+003
  7.8346667e+003
  7.8453333e+003
  7.8506667e+003
  7.8720000e+003
  7.9253333e+003
  7.9413333e+003
  7.9893333e+003
  8.0000000e+003
