  6.4000000e+001
  6.9333333e+001
  7.4666667e+001
  9.0666667e+001
  1.1200000e+002
  1.2800000e+002
  2.0266667e+002
  2.0800000e+002
  2.1866667e+002
  2.2933333e+002
  2.4000000e+002
  2.5600000e+002
  2.6133333e+002
  3.5200000e+002
  3.5733333e+002
  3.6266667e+002
  3.6800000e+002
  3.7866667e+002
  3.9466667e+002
  4.0000000e+002
  4.6400000e+002
  4.8533333e+002
  4.9066667e+002
  5.0133333e+002
  5.0666667e+002
  6.1866667e+002
  6.3466667e+002
  6.4000000e+002
  7.3600000e+002
  7.7333333e+002
  7.8933333e+002
  8.0533333e+002
  8.6400000e+002
  8.6933333e+002
  8.9600000e+002
  9.1733333e+002
  9.3333333e+002
  9.4400000e+002
  1.0080000e+003
  1.0133333e+003
  1.0240000e+003
  1.0560000e+003
  1.0826667e+003
  1.1466667e+003
  1.1680000e+003
  1.1733333e+003
  1.1840000e+003
  1.1893333e+003
  1.1946667e+003
  1.2000000e+003
  1.2693333e+003
  1.2906667e+003
  1.2960000e+003
  1.3120000e+003
  1.3173333e+003
  1.3493333e+003
  1.4240000e+003
  1.4293333e+003
  1.4346667e+003
  1.4506667e+003
  1.5466667e+003
  1.5573333e+003
  1.5680000e+003
  1.6693333e+003
  1.6800000e+003
  1.6960000e+003
  1.7013333e+003
  1.7066667e+003
  1.7280000e+003
  1.7386667e+003
  1.8186667e+003
  1.8400000e+003
  1.8666667e+003
  1.9626667e+003
  1.9786667e+003
  1.9946667e+003
  2.0160000e+003
  2.0800000e+003
  2.1066667e+003
  2.1173333e+003
  2.1226667e+003
  2.2133333e+003
  2.2293333e+003
  2.2400000e+003
  2.2666667e+003
  2.2880000e+003
  2.3413333e+003
  2.3626667e+003
  2.3733333e+003
  2.3786667e+003
  2.3946667e+003
  2.4106667e+003
  2.4960000e+003
  2.5066667e+003
  2.5120000e+003
  2.5173333e+003
  2.5280000e+003
  2.5333333e+003
  2.6133333e+003
  2.6240000e+003
  2.6346667e+003
  2.6453333e+003
  2.6826667e+003
  2.7573333e+003
  2.7893333e+003
  2.8000000e+003
  2.8053333e+003
  2.8106667e+003
  2.8160000e+003
  2.8853333e+003
  2.9120000e+003
  3.0560000e+003
  3.0720000e+003
  3.1680000e+003
  3.1893333e+003
  3.2000000e+003
  3.2213333e+003
  3.2853333e+003
  3.2960000e+003
  3.3066667e+003
  3.3226667e+003
  3.3333333e+003
  3.3653333e+003
  3.4453333e+003
  3.4720000e+003
  3.4826667e+003
  3.5733333e+003
  3.5786667e+003
  3.6000000e+003
  3.7013333e+003
  3.7066667e+003
  3.7120000e+003
  3.7173333e+003
  3.7333333e+003
  3.7386667e+003
  3.7653333e+003
  3.8240000e+003
  3.8506667e+003
  3.8560000e+003
  3.8666667e+003
  3.8773333e+003
  3.8880000e+003
  3.9573333e+003
  3.9786667e+003
  4.0053333e+003
  4.0266667e+003
  4.0373333e+003
  4.1173333e+003
  4.1226667e+003
  4.1600000e+003
  4.2506667e+003
  4.2560000e+003
  4.2666667e+003
  4.2880000e+003
  4.2933333e+003
  4.3626667e+003
  4.3733333e+003
  4.3946667e+003
  4.4053333e+003
  4.4106667e+003
  4.4160000e+003
  4.5066667e+003
  4.5280000e+003
  4.5333333e+003
  4.5386667e+003
  4.5493333e+003
  4.5546667e+003
  4.5600000e+003
  4.5706667e+003
  4.6400000e+003
  4.7040000e+003
  4.7733333e+003
  4.7840000e+003
  4.8320000e+003
  4.9066667e+003
  4.9120000e+003
  4.9493333e+003
  4.9546667e+003
  4.9760000e+003
  5.0346667e+003
  5.0613333e+003
  5.0666667e+003
  5.0720000e+003
  5.0880000e+003
  5.0933333e+003
  5.1946667e+003
  5.2106667e+003
  5.2266667e+003
  5.2320000e+003
  5.2373333e+003
  5.3120000e+003
  5.3173333e+003
  5.3226667e+003
  5.3386667e+003
  5.3546667e+003
  5.4506667e+003
  5.4560000e+003
  5.4880000e+003
  5.4933333e+003
  5.4986667e+003
  5.5840000e+003
  5.5946667e+003
  5.6000000e+003
  5.6106667e+003
  5.6160000e+003
  5.6266667e+003
  5.6320000e+003
  5.6373333e+003
  5.6426667e+003
  5.7120000e+003
  5.7600000e+003
  5.7706667e+003
  5.7813333e+003
  5.8560000e+003
  5.8613333e+003
  5.8880000e+003
  5.9893333e+003
  6.0160000e+003
  6.0320000e+003
  6.0373333e+003
  6.0533333e+003
  6.1386667e+003
  6.1653333e+003
  6.1706667e+003
  6.1760000e+003
  6.2826667e+003
  6.3146667e+003
  6.3946667e+003
  6.4160000e+003
  6.4266667e+003
  6.5280000e+003
  6.5440000e+003
  6.5600000e+003
  6.5653333e+003
  6.5706667e+003
  6.6506667e+003
  6.6666667e+003
  6.6720000e+003
  6.6986667e+003
  6.7040000e+003
  6.7093333e+003
  6.8106667e+003
  6.8266667e+003
  6.8586667e+003
  6.9226667e+003
  6.9386667e+003
  6.9600000e+003
  6.9866667e+003
  7.0826667e+003
  7.0933333e+003
  7.1253333e+003
  7.2053333e+003
  7.2213333e+003
  7.2266667e+003
  7.2373333e+003
  7.2426667e+003
  7.2480000e+003
  7.2533333e+003
  7.3333333e+003
  7.3653333e+003
  7.3706667e+003
  7.3866667e+003
  7.4026667e+003
  7.4773333e+003
  7.4880000e+003
  7.5093333e+003
  7.5200000e+003
  7.5253333e+003
  7.5306667e+003
  7.5946667e+003
  7.6213333e+003
  7.6320000e+003
  7.6426667e+003
  7.6586667e+003
  7.6640000e+003
  7.7493333e+003
  7.7546667e+003
  7.7706667e+003
  7.7973333e+003
  7.8026667e+003
  7.8720000e+003
  7.9093333e+003
  7.9200000e+003
  7.9360000e+003
