  5.3333333e+000
  2.6666667e+001
  1.5466667e+002
  1.6533333e+002
  1.7600000e+002
  2.6666667e+002
  2.7200000e+002
  2.9866667e+002
  3.8933333e+002
  4.0000000e+002
  4.1600000e+002
  4.3733333e+002
  4.4800000e+002
  5.0133333e+002
  5.1200000e+002
  5.2800000e+002
  5.3333333e+002
  5.4400000e+002
  5.4933333e+002
  6.5066667e+002
  6.7200000e+002
  6.7733333e+002
  6.8800000e+002
  7.6266667e+002
  7.6800000e+002
  8.0533333e+002
  8.1600000e+002
  8.2133333e+002
  8.8533333e+002
  9.0133333e+002
  9.1200000e+002
  9.1733333e+002
  9.2800000e+002
  1.0186667e+003
  1.0346667e+003
  1.0453333e+003
  1.0773333e+003
  1.0826667e+003
  1.1466667e+003
  1.1733333e+003
  1.1946667e+003
  1.2106667e+003
  1.2640000e+003
  1.2746667e+003
  1.2960000e+003
  1.3120000e+003
  1.3173333e+003
  1.3280000e+003
  1.4133333e+003
  1.4400000e+003
  1.4453333e+003
  1.4506667e+003
  1.4560000e+003
  1.4613333e+003
  1.5306667e+003
  1.5360000e+003
  1.5626667e+003
  1.5786667e+003
  1.5840000e+003
  1.7866667e+003
  1.7920000e+003
  1.8133333e+003
  1.8186667e+003
  1.8240000e+003
  1.8400000e+003
  1.8506667e+003
  1.9253333e+003
  1.9413333e+003
  1.9466667e+003
  1.9680000e+003
  2.0480000e+003
  2.0533333e+003
  2.0640000e+003
  2.0693333e+003
  2.0853333e+003
  2.0906667e+003
  2.1760000e+003
  2.1973333e+003
  2.2026667e+003
  2.2186667e+003
  2.2240000e+003
  2.3306667e+003
  2.3413333e+003
  2.3520000e+003
  2.3680000e+003
  2.4426667e+003
  2.4533333e+003
  2.4640000e+003
  2.4746667e+003
  2.4853333e+003
  2.5493333e+003
  2.5653333e+003
  2.5760000e+003
  2.6773333e+003
  2.6933333e+003
  2.6986667e+003
  2.7253333e+003
  2.7360000e+003
  2.8053333e+003
  2.8426667e+003
  2.8586667e+003
  2.8746667e+003
  2.9493333e+003
  2.9653333e+003
  2.9706667e+003
  2.9813333e+003
  3.0026667e+003
  3.0880000e+003
  3.0933333e+003
  3.1253333e+003
  3.2000000e+003
  3.2213333e+003
  3.2320000e+003
  3.2533333e+003
  3.3333333e+003
  3.3493333e+003
  3.3760000e+003
  3.3813333e+003
  3.4506667e+003
  3.4773333e+003
  3.4986667e+003
  3.5093333e+003
  3.5200000e+003
  3.5893333e+003
  3.6053333e+003
  3.6106667e+003
  3.6160000e+003
  3.6213333e+003
  3.6266667e+003
  3.6373333e+003
  3.7120000e+003
  3.7173333e+003
  3.7226667e+003
  3.7333333e+003
  3.7440000e+003
  3.7493333e+003
  3.7546667e+003
  3.8346667e+003
  3.8400000e+003
  3.8453333e+003
  3.8560000e+003
  3.8613333e+003
  3.8826667e+003
  3.8986667e+003
  3.9680000e+003
  3.9946667e+003
  4.0053333e+003
  4.0906667e+003
  4.0960000e+003
  4.1066667e+003
  4.1173333e+003
  4.1226667e+003
  4.1333333e+003
  4.1386667e+003
  4.2346667e+003
  4.2506667e+003
  4.2560000e+003
  4.3413333e+003
  4.3520000e+003
  4.3573333e+003
  4.4000000e+003
  4.4106667e+003
  4.4746667e+003
  4.4906667e+003
  4.5013333e+003
  4.5386667e+003
  4.6240000e+003
  4.6293333e+003
  4.6613333e+003
  4.7253333e+003
  4.7360000e+003
  4.7413333e+003
  4.7626667e+003
  4.7680000e+003
  4.7733333e+003
  4.7946667e+003
  4.8693333e+003
  4.8800000e+003
  4.8853333e+003
  4.8906667e+003
  4.8960000e+003
  4.9920000e+003
  5.0026667e+003
  5.0186667e+003
  5.0240000e+003
  5.0453333e+003
  5.0506667e+003
  5.1146667e+003
  5.1253333e+003
  5.1306667e+003
  5.1466667e+003
  5.1680000e+003
  5.1840000e+003
  5.2373333e+003
  5.2480000e+003
  5.2533333e+003
  5.2693333e+003
  5.3013333e+003
  5.3120000e+003
  5.3920000e+003
  5.4186667e+003
  5.4240000e+003
  5.4293333e+003
  5.4933333e+003
  5.5146667e+003
  5.5200000e+003
  5.5306667e+003
  5.5360000e+003
  5.5413333e+003
  5.5626667e+003
  5.6320000e+003
  5.7600000e+003
  5.7706667e+003
  5.7973333e+003
  5.8880000e+003
  5.9040000e+003
  5.9306667e+003
  6.0106667e+003
  6.0320000e+003
  6.0373333e+003
  6.0426667e+003
  6.0693333e+003
  6.1386667e+003
  6.1493333e+003
  6.1600000e+003
  6.1866667e+003
  6.1920000e+003
  6.2026667e+003
  6.2666667e+003
  6.2773333e+003
  6.2933333e+003
  6.2986667e+003
  6.3040000e+003
  6.3306667e+003
  6.4000000e+003
  6.5386667e+003
  6.5493333e+003
  6.5546667e+003
  6.5706667e+003
  6.5760000e+003
  6.6613333e+003
  6.6720000e+003
  6.6773333e+003
  6.6933333e+003
  6.7093333e+003
  6.7840000e+003
  6.7946667e+003
  6.8053333e+003
  6.8266667e+003
  6.8373333e+003
  6.9173333e+003
  6.9280000e+003
  6.9440000e+003
  6.9600000e+003
  6.9706667e+003
  7.0346667e+003
  7.0666667e+003
  7.0773333e+003
  7.0826667e+003
  7.1040000e+003
  7.1733333e+003
  7.2106667e+003
  7.2160000e+003
  7.2266667e+003
  7.3013333e+003
  7.3173333e+003
  7.3226667e+003
  7.3386667e+003
  7.3440000e+003
  7.4133333e+003
  7.4453333e+003
  7.4613333e+003
  7.4666667e+003
  7.4773333e+003
  7.4826667e+003
  7.5466667e+003
  7.5840000e+003
  7.6800000e+003
  7.6906667e+003
  7.7120000e+003
  7.8026667e+003
  7.8186667e+003
  7.8613333e+003
  7.8666667e+003
  7.8720000e+003
  7.9413333e+003
  7.9680000e+003
  7.9733333e+003
  8.0000000e+003
