  5.3333333e+000
  2.1333333e+001
  2.6666667e+001
  3.2000000e+001
  3.7333333e+001
  4.2666667e+001
  5.3333333e+001
  1.3333333e+002
  1.3866667e+002
  1.4933333e+002
  1.6000000e+002
  2.7733333e+002
  2.8800000e+002
  2.9866667e+002
  3.0400000e+002
  3.2533333e+002
  3.9466667e+002
  4.0533333e+002
  4.2133333e+002
  4.3733333e+002
  5.2800000e+002
  5.3333333e+002
  5.4400000e+002
  5.4933333e+002
  5.6000000e+002
  5.6533333e+002
  5.7066667e+002
  6.6133333e+002
  6.8800000e+002
  6.9866667e+002
  7.1466667e+002
  7.8933333e+002
  8.0533333e+002
  8.5333333e+002
  9.2266667e+002
  9.3333333e+002
  9.4400000e+002
  9.5466667e+002
  9.6533333e+002
  9.7600000e+002
  9.8666667e+002
  1.0506667e+003
  1.0666667e+003
  1.0933333e+003
  1.1093333e+003
  1.1946667e+003
  1.2000000e+003
  1.2266667e+003
  1.3386667e+003
  1.3546667e+003
  1.3760000e+003
  1.4613333e+003
  1.4720000e+003
  1.4880000e+003
  1.4933333e+003
  1.4986667e+003
  1.5040000e+003
  1.5093333e+003
  1.5146667e+003
  1.5946667e+003
  1.6160000e+003
  1.6320000e+003
  1.6426667e+003
  1.6480000e+003
  1.7226667e+003
  1.7493333e+003
  1.7600000e+003
  1.7653333e+003
  1.7813333e+003
  1.7920000e+003
  1.8666667e+003
  1.8880000e+003
  1.9040000e+003
  1.9146667e+003
  1.9786667e+003
  1.9893333e+003
  1.9946667e+003
  2.0213333e+003
  2.0266667e+003
  2.1120000e+003
  2.1280000e+003
  2.1333333e+003
  2.1440000e+003
  2.1493333e+003
  2.1546667e+003
  2.1653333e+003
  2.2453333e+003
  2.2720000e+003
  2.2986667e+003
  2.3040000e+003
  2.3146667e+003
  2.4106667e+003
  2.4160000e+003
  2.4213333e+003
  2.5066667e+003
  2.5120000e+003
  2.5226667e+003
  2.5280000e+003
  2.5333333e+003
  2.5653333e+003
  2.5760000e+003
  2.6346667e+003
  2.6666667e+003
  2.6880000e+003
  2.6986667e+003
  2.7040000e+003
  2.7786667e+003
  2.8106667e+003
  2.8266667e+003
  2.8320000e+003
  2.8480000e+003
  2.9013333e+003
  2.9173333e+003
  2.9653333e+003
  2.9706667e+003
  2.9760000e+003
  3.0506667e+003
  3.0613333e+003
  3.0666667e+003
  3.0880000e+003
  3.1146667e+003
  3.1786667e+003
  3.1946667e+003
  3.2106667e+003
  3.2213333e+003
  3.2320000e+003
  3.3013333e+003
  3.3546667e+003
  3.4453333e+003
  3.4720000e+003
  3.4773333e+003
  3.4933333e+003
  3.5840000e+003
  3.5893333e+003
  3.6160000e+003
  3.7226667e+003
  3.7280000e+003
  3.7493333e+003
  3.7546667e+003
  3.8293333e+003
  3.8453333e+003
  3.8506667e+003
  3.8613333e+003
  3.8826667e+003
  3.9840000e+003
  3.9893333e+003
  3.9946667e+003
  4.0106667e+003
  4.0320000e+003
  4.0960000e+003
  4.1173333e+003
  4.1280000e+003
  4.1333333e+003
  4.1386667e+003
  4.1546667e+003
  4.1600000e+003
  4.1653333e+003
  4.2346667e+003
  4.2666667e+003
  4.2720000e+003
  4.2773333e+003
  4.3040000e+003
  4.3520000e+003
  4.3626667e+003
  4.3680000e+003
  4.3733333e+003
  4.3786667e+003
  4.3893333e+003
  4.3946667e+003
  4.4213333e+003
  4.4960000e+003
  4.5013333e+003
  4.5173333e+003
  4.5226667e+003
  4.5280000e+003
  4.5333333e+003
  4.5386667e+003
  4.5440000e+003
  4.6346667e+003
  4.6400000e+003
  4.6506667e+003
  4.6666667e+003
  4.6933333e+003
  4.6986667e+003
  4.7680000e+003
  4.7893333e+003
  4.7946667e+003
  4.8053333e+003
  4.9386667e+003
  4.9493333e+003
  4.9546667e+003
  5.0400000e+003
  5.0453333e+003
  5.0613333e+003
  5.0826667e+003
  5.1626667e+003
  5.1733333e+003
  5.1786667e+003
  5.1893333e+003
  5.2213333e+003
  5.2266667e+003
  5.2960000e+003
  5.3120000e+003
  5.4133333e+003
  5.4186667e+003
  5.4293333e+003
  5.4453333e+003
  5.4613333e+003
  5.5466667e+003
  5.5520000e+003
  5.5573333e+003
  5.5733333e+003
  5.5786667e+003
  5.5893333e+003
  5.6000000e+003
  5.6960000e+003
  5.7066667e+003
  5.7120000e+003
  5.7280000e+003
  5.7440000e+003
  5.8186667e+003
  5.8506667e+003
  5.8613333e+003
  5.8773333e+003
  5.9626667e+003
  5.9786667e+003
  5.9946667e+003
  6.0000000e+003
  6.0106667e+003
  6.0160000e+003
  6.0853333e+003
  6.0960000e+003
  6.1013333e+003
  6.1066667e+003
  6.1120000e+003
  6.1173333e+003
  6.1280000e+003
  6.1386667e+003
  6.2240000e+003
  6.2560000e+003
  6.3626667e+003
  6.3680000e+003
  6.3733333e+003
  6.3786667e+003
  6.3840000e+003
  6.3893333e+003
  6.3946667e+003
  6.4106667e+003
  6.5013333e+003
  6.5120000e+003
  6.5173333e+003
  6.5226667e+003
  6.5280000e+003
  6.5333333e+003
  6.5386667e+003
  6.6080000e+003
  6.6240000e+003
  6.6346667e+003
  6.6506667e+003
  6.6560000e+003
  6.6773333e+003
  6.7626667e+003
  6.7786667e+003
  6.7840000e+003
  6.8800000e+003
  6.8906667e+003
  6.9066667e+003
  6.9226667e+003
  6.9440000e+003
  7.0133333e+003
  7.0293333e+003
  7.0453333e+003
  7.0613333e+003
  7.1680000e+003
  7.1733333e+003
  7.1946667e+003
  7.2960000e+003
  7.3280000e+003
  7.3386667e+003
  7.4293333e+003
  7.4400000e+003
  7.4453333e+003
  7.4506667e+003
  7.4613333e+003
  7.4666667e+003
  7.5413333e+003
  7.5573333e+003
  7.5733333e+003
  7.5786667e+003
  7.5893333e+003
  7.6693333e+003
  7.6746667e+003
  7.6960000e+003
  7.7120000e+003
  7.7173333e+003
  7.7226667e+003
  7.7333333e+003
  7.7973333e+003
  7.8026667e+003
  7.8080000e+003
  7.8453333e+003
  7.9466667e+003
  7.9520000e+003
  7.9573333e+003
  7.9733333e+003
  7.9786667e+003
  7.9893333e+003
