  4.2666667e+001
  6.4000000e+001
  1.8133333e+002
  2.6133333e+002
  2.6666667e+002
  2.7733333e+002
  3.0400000e+002
  3.8400000e+002
  3.9466667e+002
  4.1066667e+002
  4.3200000e+002
  4.3733333e+002
  5.1200000e+002
  5.1733333e+002
  5.2266667e+002
  5.2800000e+002
  6.4533333e+002
  6.5066667e+002
  6.6133333e+002
  6.6666667e+002
  7.4666667e+002
  7.7333333e+002
  8.8533333e+002
  8.9066667e+002
  8.9600000e+002
  9.0666667e+002
  9.1200000e+002
  9.2800000e+002
  9.3333333e+002
  1.0026667e+003
  1.0133333e+003
  1.0186667e+003
  1.0240000e+003
  1.1200000e+003
  1.1360000e+003
  1.1520000e+003
  1.1573333e+003
  1.1680000e+003
  1.2533333e+003
  1.2746667e+003
  1.2800000e+003
  1.2906667e+003
  1.3013333e+003
  1.3066667e+003
  1.3546667e+003
  1.3760000e+003
  1.3813333e+003
  1.3866667e+003
  1.4026667e+003
  1.4080000e+003
  1.4933333e+003
  1.4986667e+003
  1.5146667e+003
  1.5200000e+003
  1.5360000e+003
  1.6160000e+003
  1.6266667e+003
  1.6320000e+003
  1.6373333e+003
  1.6693333e+003
  1.6746667e+003
  1.7653333e+003
  1.7760000e+003
  1.8560000e+003
  1.8773333e+003
  1.8880000e+003
  1.8933333e+003
  1.9200000e+003
  1.9733333e+003
  2.0000000e+003
  2.0053333e+003
  2.0160000e+003
  2.1280000e+003
  2.1333333e+003
  2.1493333e+003
  2.1600000e+003
  2.1653333e+003
  2.1706667e+003
  2.2293333e+003
  2.2613333e+003
  2.2720000e+003
  2.2826667e+003
  2.3893333e+003
  2.4106667e+003
  2.4960000e+003
  2.5013333e+003
  2.6560000e+003
  2.6613333e+003
  2.6666667e+003
  2.7200000e+003
  2.7360000e+003
  2.7466667e+003
  2.7573333e+003
  2.7680000e+003
  2.8853333e+003
  2.9813333e+003
  2.9920000e+003
  3.0026667e+003
  3.0240000e+003
  3.0346667e+003
  3.0400000e+003
  3.1040000e+003
  3.1146667e+003
  3.1306667e+003
  3.1360000e+003
  3.1413333e+003
  3.1466667e+003
  3.1680000e+003
  3.2266667e+003
  3.2426667e+003
  3.2533333e+003
  3.2586667e+003
  3.2640000e+003
  3.2746667e+003
  3.2853333e+003
  3.2906667e+003
  3.3493333e+003
  3.3546667e+003
  3.3706667e+003
  3.3760000e+003
  3.3813333e+003
  3.4133333e+003
  3.4720000e+003
  3.4773333e+003
  3.4826667e+003
  3.4933333e+003
  3.5200000e+003
  3.6000000e+003
  3.6373333e+003
  3.6426667e+003
  3.6480000e+003
  3.7386667e+003
  3.7493333e+003
  3.7600000e+003
  3.7760000e+003
  3.8560000e+003
  3.8613333e+003
  3.8826667e+003
  3.9626667e+003
  3.9733333e+003
  3.9786667e+003
  3.9946667e+003
  4.0000000e+003
  4.0106667e+003
  4.0213333e+003
  4.0800000e+003
  4.1066667e+003
  4.1173333e+003
  4.1226667e+003
  4.1386667e+003
  4.2240000e+003
  4.2346667e+003
  4.2506667e+003
  4.2666667e+003
  4.3680000e+003
  4.3786667e+003
  4.3840000e+003
  4.3893333e+003
  4.3946667e+003
  4.4053333e+003
  4.4586667e+003
  4.4640000e+003
  4.4906667e+003
  4.4960000e+003
  4.5066667e+003
  4.5173333e+003
  4.5813333e+003
  4.5866667e+003
  4.6080000e+003
  4.6186667e+003
  4.6240000e+003
  4.7146667e+003
  4.7200000e+003
  4.7253333e+003
  4.7413333e+003
  4.7466667e+003
  4.7573333e+003
  4.7733333e+003
  4.8853333e+003
  4.9600000e+003
  4.9866667e+003
  5.0133333e+003
  5.0773333e+003
  5.0880000e+003
  5.1040000e+003
  5.1146667e+003
  5.1360000e+003
  5.2053333e+003
  5.2106667e+003
  5.2160000e+003
  5.2266667e+003
  5.2373333e+003
  5.2693333e+003
  5.3386667e+003
  5.3600000e+003
  5.3813333e+003
  5.4880000e+003
  5.4933333e+003
  5.4986667e+003
  5.6053333e+003
  5.6160000e+003
  5.6266667e+003
  5.6373333e+003
  5.7120000e+003
  5.7173333e+003
  5.7226667e+003
  5.7440000e+003
  5.7493333e+003
  5.7546667e+003
  5.7600000e+003
  5.8293333e+003
  5.8346667e+003
  5.8560000e+003
  5.8666667e+003
  5.8773333e+003
  5.8826667e+003
  5.9360000e+003
  5.9413333e+003
  5.9520000e+003
  5.9626667e+003
  5.9733333e+003
  5.9840000e+003
  5.9893333e+003
  6.0053333e+003
  6.0106667e+003
  6.0640000e+003
  6.0853333e+003
  6.0960000e+003
  6.1173333e+003
  6.1280000e+003
  6.1866667e+003
  6.1920000e+003
  6.2026667e+003
  6.2400000e+003
  6.2506667e+003
  6.2613333e+003
  6.3200000e+003
  6.3306667e+003
  6.3520000e+003
  6.3733333e+003
  6.3840000e+003
  6.4533333e+003
  6.4800000e+003
  6.4960000e+003
  6.5973333e+003
  6.6026667e+003
  6.6933333e+003
  6.7200000e+003
  6.7253333e+003
  6.7360000e+003
  6.7413333e+003
  6.8320000e+003
  6.8426667e+003
  6.8640000e+003
  6.9386667e+003
  6.9546667e+003
  6.9813333e+003
  7.0773333e+003
  7.0826667e+003
  7.1146667e+003
  7.1253333e+003
  7.1893333e+003
  7.1946667e+003
  7.2160000e+003
  7.2266667e+003
  7.3013333e+003
  7.3386667e+003
  7.3440000e+003
  7.3493333e+003
  7.3600000e+003
  7.4346667e+003
  7.4400000e+003
  7.4453333e+003
  7.4506667e+003
  7.4986667e+003
  7.5466667e+003
  7.5626667e+003
  7.5840000e+003
  7.5893333e+003
  7.6000000e+003
  7.6106667e+003
  7.6160000e+003
  7.6853333e+003
  7.6906667e+003
  7.6960000e+003
  7.7013333e+003
  7.7173333e+003
  7.7226667e+003
  7.7333333e+003
  7.8186667e+003
  7.8720000e+003
  7.9360000e+003
  7.9466667e+003
  7.9573333e+003
  7.9733333e+003
  7.9786667e+003
  7.9893333e+003
