  3.2000000e+001
  4.2666667e+001
  4.8000000e+001
  1.5466667e+002
  1.7066667e+002
  1.9733333e+002
  2.2933333e+002
  3.0933333e+002
  3.1466667e+002
  3.2000000e+002
  3.2533333e+002
  3.3066667e+002
  3.5200000e+002
  4.3733333e+002
  4.4266667e+002
  4.5866667e+002
  4.8533333e+002
  4.9066667e+002
  5.0133333e+002
  5.6533333e+002
  5.9733333e+002
  6.3466667e+002
  7.0400000e+002
  7.2533333e+002
  7.3600000e+002
  7.4666667e+002
  8.6400000e+002
  8.7466667e+002
  8.8000000e+002
  8.8533333e+002
  9.7066667e+002
  1.0026667e+003
  1.0133333e+003
  1.0186667e+003
  1.0240000e+003
  1.0346667e+003
  1.0400000e+003
  1.1146667e+003
  1.1200000e+003
  1.1253333e+003
  1.1573333e+003
  1.1626667e+003
  1.1786667e+003
  1.2480000e+003
  1.2533333e+003
  1.2746667e+003
  1.2960000e+003
  1.3013333e+003
  1.3120000e+003
  1.3973333e+003
  1.4026667e+003
  1.4133333e+003
  1.4240000e+003
  1.4400000e+003
  1.5306667e+003
  1.5360000e+003
  1.5413333e+003
  1.5733333e+003
  1.5840000e+003
  1.6746667e+003
  1.6906667e+003
  1.7013333e+003
  1.7173333e+003
  1.7973333e+003
  1.8240000e+003
  1.8400000e+003
  1.8453333e+003
  1.8506667e+003
  1.9306667e+003
  1.9360000e+003
  1.9466667e+003
  1.9626667e+003
  1.9680000e+003
  1.9840000e+003
  1.9946667e+003
  2.1013333e+003
  2.1173333e+003
  2.1280000e+003
  2.1973333e+003
  2.2133333e+003
  2.2400000e+003
  2.2453333e+003
  2.2613333e+003
  2.3520000e+003
  2.3626667e+003
  2.3680000e+003
  2.3786667e+003
  2.4746667e+003
  2.4800000e+003
  2.4906667e+003
  2.4960000e+003
  2.5066667e+003
  2.6186667e+003
  2.6293333e+003
  2.6400000e+003
  2.6453333e+003
  2.6720000e+003
  2.6773333e+003
  2.7466667e+003
  2.7573333e+003
  2.7680000e+003
  2.7840000e+003
  2.7946667e+003
  2.8160000e+003
  2.8853333e+003
  2.8906667e+003
  2.8960000e+003
  2.9013333e+003
  2.9226667e+003
  2.9493333e+003
  3.0186667e+003
  3.0240000e+003
  3.0346667e+003
  3.0400000e+003
  3.0453333e+003
  3.0613333e+003
  3.0720000e+003
  3.1413333e+003
  3.1626667e+003
  3.1840000e+003
  3.2106667e+003
  3.2160000e+003
  3.2213333e+003
  3.2800000e+003
  3.3120000e+003
  3.3173333e+003
  3.3226667e+003
  3.3440000e+003
  3.4346667e+003
  3.4400000e+003
  3.4560000e+003
  3.4613333e+003
  3.4720000e+003
  3.4826667e+003
  3.4880000e+003
  3.5786667e+003
  3.6053333e+003
  3.6160000e+003
  3.6266667e+003
  3.6320000e+003
  3.6853333e+003
  3.6906667e+003
  3.7066667e+003
  3.7493333e+003
  3.7600000e+003
  3.8560000e+003
  3.8666667e+003
  3.8773333e+003
  3.8826667e+003
  3.9680000e+003
  4.1173333e+003
  4.1226667e+003
  4.1333333e+003
  4.1386667e+003
  4.1546667e+003
  4.1600000e+003
  4.1653333e+003
  4.2346667e+003
  4.2720000e+003
  4.2933333e+003
  4.3840000e+003
  4.3946667e+003
  4.4160000e+003
  4.4213333e+003
  4.4320000e+003
  4.5066667e+003
  4.5120000e+003
  4.5333333e+003
  4.5386667e+003
  4.5440000e+003
  4.5493333e+003
  4.5546667e+003
  4.5653333e+003
  4.5706667e+003
  4.6560000e+003
  4.6826667e+003
  4.7786667e+003
  4.7840000e+003
  4.7946667e+003
  4.8000000e+003
  4.8106667e+003
  4.8160000e+003
  4.8480000e+003
  4.9280000e+003
  4.9333333e+003
  4.9493333e+003
  4.9546667e+003
  4.9600000e+003
  4.9706667e+003
  4.9920000e+003
  5.0720000e+003
  5.0826667e+003
  5.0933333e+003
  5.1146667e+003
  5.1893333e+003
  5.2000000e+003
  5.2053333e+003
  5.2266667e+003
  5.2373333e+003
  5.3173333e+003
  5.3333333e+003
  5.3653333e+003
  5.3760000e+003
  5.3813333e+003
  5.3866667e+003
  5.3920000e+003
  5.3973333e+003
  5.4666667e+003
  5.4720000e+003
  5.4933333e+003
  5.5306667e+003
  5.5893333e+003
  5.6160000e+003
  5.6320000e+003
  5.6373333e+003
  5.7440000e+003
  5.7493333e+003
  5.7546667e+003
  5.7653333e+003
  5.7760000e+003
  5.7866667e+003
  5.8666667e+003
  5.8986667e+003
  5.9093333e+003
  5.9200000e+003
  5.9360000e+003
  6.0160000e+003
  6.0533333e+003
  6.0640000e+003
  6.0800000e+003
  6.1653333e+003
  6.1760000e+003
  6.2026667e+003
  6.2826667e+003
  6.2880000e+003
  6.3040000e+003
  6.3253333e+003
  6.3306667e+003
  6.3360000e+003
  6.3466667e+003
  6.4106667e+003
  6.4213333e+003
  6.4373333e+003
  6.4480000e+003
  6.4533333e+003
  6.4693333e+003
  6.4746667e+003
  6.4800000e+003
  6.5653333e+003
  6.5706667e+003
  6.5866667e+003
  6.5973333e+003
  6.6240000e+003
  6.6880000e+003
  6.7040000e+003
  6.7093333e+003
  6.7146667e+003
  6.7253333e+003
  6.7360000e+003
  6.7413333e+003
  6.7573333e+003
  6.8213333e+003
  6.8373333e+003
  6.8426667e+003
  6.8480000e+003
  6.8586667e+003
  6.8640000e+003
  6.8800000e+003
  6.8853333e+003
  6.8906667e+003
  6.9706667e+003
  6.9760000e+003
  7.1093333e+003
  7.1360000e+003
  7.1466667e+003
  7.1520000e+003
  7.1626667e+003
  7.2266667e+003
  7.2373333e+003
  7.2533333e+003
  7.2693333e+003
  7.2746667e+003
  7.3013333e+003
  7.3706667e+003
  7.3973333e+003
  7.4240000e+003
  7.5306667e+003
  7.5413333e+003
  7.5466667e+003
  7.6373333e+003
  7.6533333e+003
  7.6693333e+003
  7.6746667e+003
  7.6853333e+003
  7.7066667e+003
  7.7706667e+003
  7.7813333e+003
  7.8026667e+003
  7.8080000e+003
  7.8186667e+003
  7.9253333e+003
  7.9306667e+003
  7.9466667e+003
  7.9626667e+003
  7.9786667e+003
  7.9840000e+003
