  0.0000000e+000
  2.1333333e+001
  2.6666667e+001
  3.2000000e+001
  5.3333333e+001
  6.4000000e+001
  1.1733333e+002
  1.4400000e+002
  1.4933333e+002
  1.5466667e+002
  1.6000000e+002
  1.7600000e+002
  1.9200000e+002
  2.4533333e+002
  2.5600000e+002
  2.6133333e+002
  2.6666667e+002
  2.7200000e+002
  2.8266667e+002
  2.8800000e+002
  3.0933333e+002
  3.8400000e+002
  4.0533333e+002
  4.1600000e+002
  4.3200000e+002
  5.1200000e+002
  5.2266667e+002
  5.3333333e+002
  5.3866667e+002
  5.5466667e+002
  6.1866667e+002
  6.3466667e+002
  6.6133333e+002
  6.7200000e+002
  6.8800000e+002
  7.4133333e+002
  7.5733333e+002
  7.6800000e+002
  8.6400000e+002
  8.7466667e+002
  8.8000000e+002
  8.9066667e+002
  9.0666667e+002
  9.8133333e+002
  9.9200000e+002
  1.0026667e+003
  1.0240000e+003
  1.0346667e+003
  1.0400000e+003
  1.0453333e+003
  1.0506667e+003
  1.1253333e+003
  1.1306667e+003
  1.1466667e+003
  1.1573333e+003
  1.1786667e+003
  1.2640000e+003
  1.2693333e+003
  1.3013333e+003
  1.3653333e+003
  1.3706667e+003
  1.3760000e+003
  1.3813333e+003
  1.3866667e+003
  1.3920000e+003
  1.3973333e+003
  1.4080000e+003
  1.5360000e+003
  1.5466667e+003
  1.6320000e+003
  1.6586667e+003
  1.7280000e+003
  1.7440000e+003
  1.7546667e+003
  1.7600000e+003
  1.7866667e+003
  1.7920000e+003
  1.7973333e+003
  1.8613333e+003
  1.8720000e+003
  1.8773333e+003
  1.8880000e+003
  1.8933333e+003
  1.8986667e+003
  1.9200000e+003
  1.9893333e+003
  2.0053333e+003
  2.0106667e+003
  2.0160000e+003
  2.1120000e+003
  2.1173333e+003
  2.1333333e+003
  2.1386667e+003
  2.1440000e+003
  2.2560000e+003
  2.2613333e+003
  2.2666667e+003
  2.2880000e+003
  2.3520000e+003
  2.3840000e+003
  2.3946667e+003
  2.4053333e+003
  2.5120000e+003
  2.5333333e+003
  2.6613333e+003
  2.6666667e+003
  2.7306667e+003
  2.7413333e+003
  2.7466667e+003
  2.7733333e+003
  2.7786667e+003
  2.8533333e+003
  2.8800000e+003
  2.8853333e+003
  2.9013333e+003
  3.0026667e+003
  3.0080000e+003
  3.0133333e+003
  3.1040000e+003
  3.1146667e+003
  3.2160000e+003
  3.2266667e+003
  3.2480000e+003
  3.2533333e+003
  3.2746667e+003
  3.2800000e+003
  3.3760000e+003
  3.3866667e+003
  3.3973333e+003
  3.4026667e+003
  3.4080000e+003
  3.4773333e+003
  3.4880000e+003
  3.4933333e+003
  3.4986667e+003
  3.5093333e+003
  3.6000000e+003
  3.6053333e+003
  3.6106667e+003
  3.6373333e+003
  3.7226667e+003
  3.7280000e+003
  3.7600000e+003
  3.7760000e+003
  3.8773333e+003
  3.8933333e+003
  3.9040000e+003
  3.9733333e+003
  3.9893333e+003
  4.0000000e+003
  4.0853333e+003
  4.1013333e+003
  4.1440000e+003
  4.1493333e+003
  4.2240000e+003
  4.2293333e+003
  4.2453333e+003
  4.2506667e+003
  4.2613333e+003
  4.2666667e+003
  4.3573333e+003
  4.3840000e+003
  4.4693333e+003
  4.4853333e+003
  4.5173333e+003
  4.5226667e+003
  4.5866667e+003
  4.5973333e+003
  4.6133333e+003
  4.7253333e+003
  4.7413333e+003
  4.7520000e+003
  4.7680000e+003
  4.8213333e+003
  4.8480000e+003
  4.8746667e+003
  4.8853333e+003
  4.9600000e+003
  4.9653333e+003
  4.9760000e+003
  4.9973333e+003
  5.0026667e+003
  5.0773333e+003
  5.1040000e+003
  5.1200000e+003
  5.1306667e+003
  5.2053333e+003
  5.2266667e+003
  5.2533333e+003
  5.2586667e+003
  5.3280000e+003
  5.3440000e+003
  5.3760000e+003
  5.4613333e+003
  5.4666667e+003
  5.4826667e+003
  5.4880000e+003
  5.4933333e+003
  5.5040000e+003
  5.5733333e+003
  5.5786667e+003
  5.6053333e+003
  5.6320000e+003
  5.7013333e+003
  5.7066667e+003
  5.7173333e+003
  5.7280000e+003
  5.7546667e+003
  5.8240000e+003
  5.8293333e+003
  5.8453333e+003
  5.8613333e+003
  5.8773333e+003
  5.9520000e+003
  5.9573333e+003
  5.9626667e+003
  6.0693333e+003
  6.0746667e+003
  6.0800000e+003
  6.0960000e+003
  6.1013333e+003
  6.1120000e+003
  6.1866667e+003
  6.1920000e+003
  6.1973333e+003
  6.2186667e+003
  6.2240000e+003
  6.2293333e+003
  6.2613333e+003
  6.3146667e+003
  6.3413333e+003
  6.3466667e+003
  6.3520000e+003
  6.3626667e+003
  6.4640000e+003
  6.4693333e+003
  6.4800000e+003
  6.4906667e+003
  6.6080000e+003
  6.6133333e+003
  6.6240000e+003
  6.7040000e+003
  6.8266667e+003
  6.8480000e+003
  6.9386667e+003
  6.9546667e+003
  6.9600000e+003
  6.9920000e+003
  6.9973333e+003
  7.0613333e+003
  7.0666667e+003
  7.0773333e+003
  7.0933333e+003
  7.1040000e+003
  7.1146667e+003
  7.1840000e+003
  7.2000000e+003
  7.2266667e+003
  7.2373333e+003
  7.3120000e+003
  7.3173333e+003
  7.3333333e+003
  7.3386667e+003
  7.4346667e+003
  7.4560000e+003
  7.4613333e+003
  7.5733333e+003
  7.5946667e+003
  7.6000000e+003
  7.6853333e+003
  7.7013333e+003
  7.7066667e+003
  7.7120000e+003
  7.7226667e+003
  7.7280000e+003
  7.8133333e+003
  7.8293333e+003
  7.8400000e+003
  7.8453333e+003
  7.8506667e+003
  7.8613333e+003
  7.9360000e+003
  7.9573333e+003
  7.9840000e+003
