  1.6000000e+001
  2.1333333e+001
  3.2000000e+001
  3.7333333e+001
  4.2666667e+001
  4.8000000e+001
  5.3333333e+001
  5.8666667e+001
  6.4000000e+001
  1.2800000e+002
  1.3866667e+002
  1.5466667e+002
  1.6000000e+002
  1.7066667e+002
  2.5066667e+002
  2.5600000e+002
  2.6133333e+002
  2.7200000e+002
  2.8266667e+002
  3.0400000e+002
  3.0933333e+002
  3.7866667e+002
  3.8400000e+002
  3.9466667e+002
  4.0000000e+002
  4.0533333e+002
  4.2666667e+002
  5.1200000e+002
  5.2800000e+002
  5.3333333e+002
  5.3866667e+002
  5.4933333e+002
  5.5466667e+002
  6.2933333e+002
  6.4533333e+002
  6.7200000e+002
  6.8800000e+002
  7.4666667e+002
  7.5200000e+002
  7.6800000e+002
  7.7866667e+002
  7.9466667e+002
  8.5866667e+002
  8.7466667e+002
  9.1200000e+002
  9.1733333e+002
  9.9733333e+002
  1.0080000e+003
  1.0240000e+003
  1.0346667e+003
  1.0453333e+003
  1.0506667e+003
  1.1253333e+003
  1.1360000e+003
  1.1413333e+003
  1.1520000e+003
  1.2320000e+003
  1.2426667e+003
  1.2693333e+003
  1.2800000e+003
  1.2853333e+003
  1.2960000e+003
  1.3600000e+003
  1.3653333e+003
  1.3706667e+003
  1.3760000e+003
  1.3813333e+003
  1.3866667e+003
  1.4133333e+003
  1.4240000e+003
  1.4826667e+003
  1.5146667e+003
  1.5200000e+003
  1.5253333e+003
  1.5306667e+003
  1.5360000e+003
  1.6160000e+003
  1.6426667e+003
  1.6586667e+003
  1.6640000e+003
  1.6746667e+003
  1.7600000e+003
  1.8026667e+003
  1.8666667e+003
  1.8826667e+003
  1.8880000e+003
  1.8986667e+003
  1.9093333e+003
  1.9253333e+003
  1.9733333e+003
  1.9840000e+003
  2.0000000e+003
  2.0053333e+003
  2.0106667e+003
  2.1066667e+003
  2.1280000e+003
  2.1333333e+003
  2.1546667e+003
  2.2453333e+003
  2.2506667e+003
  2.2773333e+003
  2.3520000e+003
  2.3573333e+003
  2.3626667e+003
  2.3680000e+003
  2.3733333e+003
  2.3786667e+003
  2.4000000e+003
  2.4106667e+003
  2.4213333e+003
  2.5013333e+003
  2.5066667e+003
  2.5280000e+003
  2.6133333e+003
  2.6293333e+003
  2.7360000e+003
  2.7520000e+003
  2.7573333e+003
  2.7680000e+003
  2.7840000e+003
  2.8586667e+003
  2.8640000e+003
  2.8800000e+003
  2.8906667e+003
  2.8960000e+003
  2.9013333e+003
  2.9706667e+003
  3.0186667e+003
  3.0346667e+003
  3.0400000e+003
  3.1093333e+003
  3.1146667e+003
  3.1253333e+003
  3.1306667e+003
  3.2426667e+003
  3.2533333e+003
  3.2586667e+003
  3.2640000e+003
  3.3440000e+003
  3.3706667e+003
  3.3813333e+003
  3.4826667e+003
  3.5306667e+003
  3.5840000e+003
  3.6053333e+003
  3.6213333e+003
  3.6480000e+003
  3.6533333e+003
  3.7173333e+003
  3.7280000e+003
  3.7333333e+003
  3.7440000e+003
  3.7653333e+003
  3.8400000e+003
  3.8560000e+003
  3.8613333e+003
  3.8666667e+003
  3.8826667e+003
  3.8880000e+003
  3.8933333e+003
  3.9733333e+003
  3.9786667e+003
  3.9946667e+003
  4.0106667e+003
  4.1440000e+003
  4.1546667e+003
  4.2186667e+003
  4.2293333e+003
  4.2506667e+003
  4.2720000e+003
  4.2773333e+003
  4.3573333e+003
  4.3680000e+003
  4.3733333e+003
  4.3786667e+003
  4.3840000e+003
  4.4533333e+003
  4.4800000e+003
  4.5013333e+003
  4.5173333e+003
  4.5226667e+003
  4.6026667e+003
  4.7253333e+003
  4.7306667e+003
  4.7413333e+003
  4.7466667e+003
  4.7520000e+003
  4.7573333e+003
  4.7680000e+003
  4.8213333e+003
  4.8320000e+003
  4.8373333e+003
  4.8480000e+003
  4.8586667e+003
  4.8693333e+003
  4.8746667e+003
  4.9600000e+003
  4.9760000e+003
  4.9813333e+003
  4.9866667e+003
  5.0773333e+003
  5.0880000e+003
  5.0986667e+003
  5.1040000e+003
  5.1093333e+003
  5.1146667e+003
  5.1306667e+003
  5.2000000e+003
  5.2053333e+003
  5.2160000e+003
  5.2266667e+003
  5.2480000e+003
  5.2640000e+003
  5.3440000e+003
  5.3493333e+003
  5.3546667e+003
  5.3600000e+003
  5.3706667e+003
  5.4666667e+003
  5.4880000e+003
  5.4933333e+003
  5.5893333e+003
  5.6213333e+003
  5.6266667e+003
  5.7066667e+003
  5.7120000e+003
  5.7173333e+003
  5.7226667e+003
  5.7546667e+003
  5.8346667e+003
  5.8506667e+003
  5.8613333e+003
  5.8720000e+003
  5.8773333e+003
  5.8880000e+003
  5.9520000e+003
  5.9680000e+003
  5.9893333e+003
  6.0000000e+003
  6.0160000e+003
  6.0693333e+003
  6.0746667e+003
  6.0960000e+003
  6.1120000e+003
  6.1280000e+003
  6.2346667e+003
  6.3360000e+003
  6.3573333e+003
  6.3626667e+003
  6.4533333e+003
  6.4586667e+003
  6.4640000e+003
  6.4746667e+003
  6.4800000e+003
  6.4853333e+003
  6.5013333e+003
  6.5653333e+003
  6.5813333e+003
  6.5866667e+003
  6.5973333e+003
  6.6986667e+003
  6.7146667e+003
  6.7253333e+003
  6.7520000e+003
  6.8213333e+003
  6.8266667e+003
  6.8320000e+003
  6.8426667e+003
  6.8640000e+003
  6.8746667e+003
  6.9600000e+003
  6.9653333e+003
  6.9920000e+003
  7.0666667e+003
  7.0720000e+003
  7.0880000e+003
  7.0986667e+003
  7.1200000e+003
  7.1786667e+003
  7.2320000e+003
  7.2426667e+003
  7.3226667e+003
  7.3333333e+003
  7.3386667e+003
  7.3706667e+003
  7.4346667e+003
  7.4453333e+003
  7.4720000e+003
  7.4773333e+003
  7.5626667e+003
  7.5733333e+003
  7.5786667e+003
  7.5946667e+003
  7.6053333e+003
  7.6160000e+003
  7.6800000e+003
  7.6960000e+003
  7.7013333e+003
  7.7066667e+003
  7.7120000e+003
  7.7386667e+003
  7.8080000e+003
  7.8293333e+003
  7.8400000e+003
  7.9360000e+003
  7.9626667e+003
  7.9680000e+003
