  4.2666667e+001
  5.3333333e+001
  7.4666667e+001
  1.9733333e+002
  2.7733333e+002
  2.8266667e+002
  2.8800000e+002
  2.9333333e+002
  3.2533333e+002
  3.9466667e+002
  4.0000000e+002
  4.0533333e+002
  4.1066667e+002
  4.2133333e+002
  4.4800000e+002
  5.1733333e+002
  5.2266667e+002
  5.3333333e+002
  5.4400000e+002
  6.2400000e+002
  6.2933333e+002
  6.3466667e+002
  6.5600000e+002
  6.6133333e+002
  6.8266667e+002
  7.5200000e+002
  7.5733333e+002
  7.6800000e+002
  7.9466667e+002
  8.0000000e+002
  8.6933333e+002
  8.7466667e+002
  8.8000000e+002
  8.8533333e+002
  9.0133333e+002
  9.8666667e+002
  1.0026667e+003
  1.0240000e+003
  1.0293333e+003
  1.0346667e+003
  1.1040000e+003
  1.1093333e+003
  1.1253333e+003
  1.1306667e+003
  1.1360000e+003
  1.1573333e+003
  1.2320000e+003
  1.2480000e+003
  1.2533333e+003
  1.2586667e+003
  1.2640000e+003
  1.2746667e+003
  1.3546667e+003
  1.3653333e+003
  1.3813333e+003
  1.3920000e+003
  1.3973333e+003
  1.4720000e+003
  1.4933333e+003
  1.5093333e+003
  1.5893333e+003
  1.6000000e+003
  1.6106667e+003
  1.6266667e+003
  1.7120000e+003
  1.7173333e+003
  1.7280000e+003
  1.7440000e+003
  1.8133333e+003
  1.8720000e+003
  1.9520000e+003
  1.9680000e+003
  1.9786667e+003
  1.9840000e+003
  2.0746667e+003
  2.0800000e+003
  2.0853333e+003
  2.0960000e+003
  2.1120000e+003
  2.1173333e+003
  2.1706667e+003
  2.1813333e+003
  2.2026667e+003
  2.2240000e+003
  2.2986667e+003
  2.3146667e+003
  2.3200000e+003
  2.3413333e+003
  2.4213333e+003
  2.4320000e+003
  2.4426667e+003
  2.4693333e+003
  2.5333333e+003
  2.5493333e+003
  2.5600000e+003
  2.5653333e+003
  2.5813333e+003
  2.6613333e+003
  2.6666667e+003
  2.6720000e+003
  2.6773333e+003
  2.6880000e+003
  2.6986667e+003
  2.7093333e+003
  2.7626667e+003
  2.7680000e+003
  2.7840000e+003
  2.7893333e+003
  2.9066667e+003
  2.9333333e+003
  3.0080000e+003
  3.0133333e+003
  3.0293333e+003
  3.0453333e+003
  3.0506667e+003
  3.1253333e+003
  3.1413333e+003
  3.1466667e+003
  3.1680000e+003
  3.2533333e+003
  3.2693333e+003
  3.2746667e+003
  3.2853333e+003
  3.2906667e+003
  3.3066667e+003
  3.3706667e+003
  3.3760000e+003
  3.3973333e+003
  3.4240000e+003
  3.4986667e+003
  3.5040000e+003
  3.5306667e+003
  3.5360000e+003
  3.5413333e+003
  3.6053333e+003
  3.6320000e+003
  3.6373333e+003
  3.6426667e+003
  3.6480000e+003
  3.7333333e+003
  3.9040000e+003
  3.9680000e+003
  3.9733333e+003
  4.0000000e+003
  4.0053333e+003
  4.0800000e+003
  4.0906667e+003
  4.1066667e+003
  4.1280000e+003
  4.2240000e+003
  4.2293333e+003
  4.2506667e+003
  4.2560000e+003
  4.3360000e+003
  4.3413333e+003
  4.3573333e+003
  4.3680000e+003
  4.4480000e+003
  4.4533333e+003
  4.4640000e+003
  4.6026667e+003
  4.6080000e+003
  4.6986667e+003
  4.7093333e+003
  4.7306667e+003
  4.8053333e+003
  4.8160000e+003
  4.8266667e+003
  4.8320000e+003
  4.8426667e+003
  4.8586667e+003
  4.9386667e+003
  4.9440000e+003
  4.9546667e+003
  4.9706667e+003
  4.9760000e+003
  4.9813333e+003
  5.0346667e+003
  5.0613333e+003
  5.0773333e+003
  5.1680000e+003
  5.1733333e+003
  5.2106667e+003
  5.2160000e+003
  5.2853333e+003
  5.2960000e+003
  5.3013333e+003
  5.3066667e+003
  5.3226667e+003
  5.3280000e+003
  5.4026667e+003
  5.4080000e+003
  5.4133333e+003
  5.4240000e+003
  5.4453333e+003
  5.4560000e+003
  5.5360000e+003
  5.5520000e+003
  5.6480000e+003
  5.6533333e+003
  5.6586667e+003
  5.6746667e+003
  5.7546667e+003
  5.7600000e+003
  5.7973333e+003
  5.8773333e+003
  5.8880000e+003
  5.8986667e+003
  5.9893333e+003
  5.9946667e+003
  6.0000000e+003
  6.0053333e+003
  6.0160000e+003
  6.0213333e+003
  6.0320000e+003
  6.0373333e+003
  6.0480000e+003
  6.0533333e+003
  6.1120000e+003
  6.1493333e+003
  6.1706667e+003
  6.1760000e+003
  6.2293333e+003
  6.2506667e+003
  6.2560000e+003
  6.2613333e+003
  6.3573333e+003
  6.4106667e+003
  6.4640000e+003
  6.4960000e+003
  6.5813333e+003
  6.6240000e+003
  6.6506667e+003
  6.6560000e+003
  6.7733333e+003
  6.8213333e+003
  6.8266667e+003
  6.8320000e+003
  6.8373333e+003
  6.8800000e+003
  6.8906667e+003
  6.9493333e+003
  6.9600000e+003
  6.9653333e+003
  6.9760000e+003
  7.1040000e+003
  7.1200000e+003
  7.1946667e+003
  7.2106667e+003
  7.2160000e+003
  7.2320000e+003
  7.2426667e+003
  7.3066667e+003
  7.3333333e+003
  7.3386667e+003
  7.4400000e+003
  7.4453333e+003
  7.4506667e+003
  7.4666667e+003
  7.4773333e+003
  7.5786667e+003
  7.5840000e+003
  7.5893333e+003
  7.6106667e+003
  7.6693333e+003
  7.6853333e+003
  7.6960000e+003
  7.7066667e+003
  7.7173333e+003
  7.7760000e+003
  7.7866667e+003
  7.8186667e+003
  7.9466667e+003
  7.9520000e+003
  7.9573333e+003
