  5.3333333e+000
  1.6000000e+001
  4.8000000e+001
  1.3866667e+002
  1.6000000e+002
  1.7600000e+002
  1.9200000e+002
  1.9733333e+002
  2.6666667e+002
  2.7200000e+002
  2.7733333e+002
  2.8800000e+002
  2.9866667e+002
  3.2000000e+002
  3.9466667e+002
  4.0533333e+002
  4.1066667e+002
  4.1600000e+002
  4.2133333e+002
  4.2666667e+002
  4.3200000e+002
  4.3733333e+002
  4.5333333e+002
  5.4933333e+002
  5.5466667e+002
  5.6000000e+002
  5.6533333e+002
  5.7066667e+002
  5.7600000e+002
  6.6666667e+002
  6.7200000e+002
  6.8800000e+002
  7.2533333e+002
  8.0000000e+002
  8.2133333e+002
  8.2666667e+002
  8.3200000e+002
  8.4266667e+002
  9.1733333e+002
  9.2800000e+002
  9.3333333e+002
  9.3866667e+002
  9.5466667e+002
  9.6000000e+002
  9.7066667e+002
  1.0720000e+003
  1.0773333e+003
  1.0826667e+003
  1.0880000e+003
  1.0933333e+003
  1.1200000e+003
  1.1893333e+003
  1.1946667e+003
  1.2213333e+003
  1.3280000e+003
  1.3333333e+003
  1.3386667e+003
  1.3440000e+003
  1.3493333e+003
  1.3546667e+003
  1.3706667e+003
  1.3760000e+003
  1.4613333e+003
  1.4773333e+003
  1.4933333e+003
  1.5040000e+003
  1.5146667e+003
  1.5946667e+003
  1.6000000e+003
  1.6053333e+003
  1.6160000e+003
  1.6320000e+003
  1.6373333e+003
  1.7120000e+003
  1.7280000e+003
  1.7546667e+003
  1.7760000e+003
  1.7813333e+003
  1.8560000e+003
  1.8933333e+003
  1.9786667e+003
  1.9946667e+003
  2.0266667e+003
  2.0320000e+003
  2.0480000e+003
  2.1386667e+003
  2.1546667e+003
  2.1653333e+003
  2.1706667e+003
  2.3946667e+003
  2.4160000e+003
  2.4266667e+003
  2.5333333e+003
  2.6346667e+003
  2.6400000e+003
  2.6613333e+003
  2.6720000e+003
  2.6773333e+003
  2.6933333e+003
  2.8053333e+003
  2.9066667e+003
  2.9226667e+003
  2.9333333e+003
  2.9493333e+003
  3.0773333e+003
  3.1093333e+003
  3.1626667e+003
  3.1840000e+003
  3.1946667e+003
  3.2160000e+003
  3.2213333e+003
  3.2960000e+003
  3.3173333e+003
  3.3280000e+003
  3.3440000e+003
  3.3546667e+003
  3.4506667e+003
  3.4560000e+003
  3.4613333e+003
  3.4666667e+003
  3.4826667e+003
  3.4986667e+003
  3.5680000e+003
  3.5786667e+003
  3.5840000e+003
  3.5946667e+003
  3.6000000e+003
  3.6160000e+003
  3.7226667e+003
  3.7280000e+003
  3.7386667e+003
  3.7706667e+003
  3.8240000e+003
  3.8346667e+003
  3.8720000e+003
  3.8773333e+003
  3.8933333e+003
  3.9893333e+003
  3.9946667e+003
  4.0000000e+003
  4.0160000e+003
  4.0266667e+003
  4.0960000e+003
  4.1013333e+003
  4.1066667e+003
  4.1120000e+003
  4.1173333e+003
  4.1280000e+003
  4.1333333e+003
  4.1440000e+003
  4.2293333e+003
  4.2613333e+003
  4.2666667e+003
  4.3626667e+003
  4.3680000e+003
  4.3946667e+003
  4.4266667e+003
  4.5013333e+003
  4.5066667e+003
  4.5173333e+003
  4.5333333e+003
  4.5600000e+003
  4.6293333e+003
  4.6666667e+003
  4.6826667e+003
  4.7626667e+003
  4.7680000e+003
  4.7733333e+003
  4.7786667e+003
  4.7840000e+003
  4.7946667e+003
  4.8000000e+003
  4.8106667e+003
  4.8266667e+003
  4.8906667e+003
  4.9066667e+003
  4.9173333e+003
  4.9280000e+003
  4.9440000e+003
  4.9600000e+003
  5.0186667e+003
  5.0613333e+003
  5.0826667e+003
  5.0880000e+003
  5.1573333e+003
  5.1626667e+003
  5.1786667e+003
  5.1946667e+003
  5.2053333e+003
  5.2106667e+003
  5.2160000e+003
  5.2213333e+003
  5.2266667e+003
  5.2853333e+003
  5.3013333e+003
  5.3120000e+003
  5.3173333e+003
  5.3280000e+003
  5.3333333e+003
  5.3386667e+003
  5.3440000e+003
  5.4240000e+003
  5.4400000e+003
  5.4560000e+003
  5.5733333e+003
  5.5786667e+003
  5.5946667e+003
  5.6053333e+003
  5.6853333e+003
  5.7066667e+003
  5.7546667e+003
  5.8240000e+003
  5.8346667e+003
  5.9466667e+003
  5.9733333e+003
  5.9893333e+003
  5.9946667e+003
  6.0053333e+003
  6.0160000e+003
  6.0800000e+003
  6.0853333e+003
  6.1066667e+003
  6.1226667e+003
  6.1440000e+003
  6.1493333e+003
  6.2186667e+003
  6.2613333e+003
  6.2720000e+003
  6.2773333e+003
  6.3680000e+003
  6.3733333e+003
  6.3840000e+003
  6.3893333e+003
  6.3946667e+003
  6.4053333e+003
  6.4160000e+003
  6.4746667e+003
  6.4800000e+003
  6.5120000e+003
  6.5226667e+003
  6.5333333e+003
  6.5386667e+003
  6.5440000e+003
  6.6560000e+003
  6.7466667e+003
  6.7573333e+003
  6.7626667e+003
  6.7680000e+003
  6.7840000e+003
  6.8746667e+003
  6.9386667e+003
  7.0346667e+003
  7.0400000e+003
  7.1413333e+003
  7.1466667e+003
  7.1626667e+003
  7.1733333e+003
  7.1946667e+003
  7.2053333e+003
  7.2800000e+003
  7.3066667e+003
  7.3120000e+003
  7.3280000e+003
  7.4186667e+003
  7.4240000e+003
  7.4293333e+003
  7.4346667e+003
  7.4453333e+003
  7.4506667e+003
  7.5466667e+003
  7.5573333e+003
  7.5733333e+003
  7.5840000e+003
  7.5946667e+003
  7.6640000e+003
  7.6800000e+003
  7.6853333e+003
  7.7013333e+003
  7.7066667e+003
  7.7120000e+003
  7.7226667e+003
  7.8080000e+003
  7.8133333e+003
  7.8186667e+003
  7.8293333e+003
  7.8453333e+003
  7.8613333e+003
  7.9626667e+003
  7.9680000e+003
  7.9840000e+003
