  2.6666667e+001
  3.2000000e+001
  3.7333333e+001
  4.2666667e+001
  4.8000000e+001
  5.3333333e+001
  7.4666667e+001
  8.0000000e+001
  1.9733333e+002
  2.1333333e+002
  2.1866667e+002
  2.2400000e+002
  2.2933333e+002
  2.8800000e+002
  3.0933333e+002
  3.2000000e+002
  3.2533333e+002
  3.4133333e+002
  3.4666667e+002
  4.4266667e+002
  4.4800000e+002
  4.5866667e+002
  4.9600000e+002
  5.7066667e+002
  5.7600000e+002
  5.8133333e+002
  5.9200000e+002
  5.9733333e+002
  6.1866667e+002
  6.9333333e+002
  7.0400000e+002
  7.5200000e+002
  7.7333333e+002
  8.4266667e+002
  8.5333333e+002
  8.5866667e+002
  8.7466667e+002
  9.7600000e+002
  9.8133333e+002
  9.8666667e+002
  9.9200000e+002
  1.0026667e+003
  1.0186667e+003
  1.0240000e+003
  1.0293333e+003
  1.0346667e+003
  1.0400000e+003
  1.1040000e+003
  1.1200000e+003
  1.1466667e+003
  1.1680000e+003
  1.2480000e+003
  1.2640000e+003
  1.2746667e+003
  1.2800000e+003
  1.2906667e+003
  1.2960000e+003
  1.3013333e+003
  1.3813333e+003
  1.3866667e+003
  1.4080000e+003
  1.4240000e+003
  1.4293333e+003
  1.4346667e+003
  1.5093333e+003
  1.5306667e+003
  1.5360000e+003
  1.5626667e+003
  1.5786667e+003
  1.5840000e+003
  1.6586667e+003
  1.6746667e+003
  1.6800000e+003
  1.6853333e+003
  1.7120000e+003
  1.7813333e+003
  1.8026667e+003
  1.8080000e+003
  1.8133333e+003
  1.8240000e+003
  1.8293333e+003
  1.8346667e+003
  1.8453333e+003
  1.9253333e+003
  1.9360000e+003
  1.9733333e+003
  1.9786667e+003
  2.0533333e+003
  2.0693333e+003
  2.0800000e+003
  2.1226667e+003
  2.2026667e+003
  2.2186667e+003
  2.2240000e+003
  2.2293333e+003
  2.3306667e+003
  2.3413333e+003
  2.3520000e+003
  2.3573333e+003
  2.3626667e+003
  2.3680000e+003
  2.3733333e+003
  2.4800000e+003
  2.6080000e+003
  2.6186667e+003
  2.6666667e+003
  2.7466667e+003
  2.7573333e+003
  2.7680000e+003
  2.7786667e+003
  2.7893333e+003
  2.7946667e+003
  2.8000000e+003
  2.8053333e+003
  2.8106667e+003
  2.8693333e+003
  2.8746667e+003
  2.8906667e+003
  2.9013333e+003
  2.9173333e+003
  2.9333333e+003
  3.0133333e+003
  3.0346667e+003
  3.0560000e+003
  3.0613333e+003
  3.0666667e+003
  3.0773333e+003
  3.1893333e+003
  3.2000000e+003
  3.2053333e+003
  3.2160000e+003
  3.2853333e+003
  3.3173333e+003
  3.3226667e+003
  3.4293333e+003
  3.4400000e+003
  3.4720000e+003
  3.4880000e+003
  3.5733333e+003
  3.5786667e+003
  3.5840000e+003
  3.6106667e+003
  3.6320000e+003
  3.6906667e+003
  3.7173333e+003
  3.7280000e+003
  3.7546667e+003
  3.8240000e+003
  3.8293333e+003
  3.8453333e+003
  3.8666667e+003
  3.8720000e+003
  3.8773333e+003
  3.9946667e+003
  4.0000000e+003
  4.0266667e+003
  4.0320000e+003
  4.0373333e+003
  4.1066667e+003
  4.1386667e+003
  4.1440000e+003
  4.1546667e+003
  4.1760000e+003
  4.2506667e+003
  4.2666667e+003
  4.2720000e+003
  4.2773333e+003
  4.2826667e+003
  4.3786667e+003
  4.3893333e+003
  4.3946667e+003
  4.4000000e+003
  4.4106667e+003
  4.4160000e+003
  4.4373333e+003
  4.5013333e+003
  4.5173333e+003
  4.5280000e+003
  4.5493333e+003
  4.6346667e+003
  4.6720000e+003
  4.6826667e+003
  4.6880000e+003
  4.6933333e+003
  4.7093333e+003
  4.7146667e+003
  4.7840000e+003
  4.7946667e+003
  4.8053333e+003
  4.8160000e+003
  4.8426667e+003
  4.9333333e+003
  4.9440000e+003
  4.9493333e+003
  4.9546667e+003
  4.9600000e+003
  4.9653333e+003
  4.9706667e+003
  4.9760000e+003
  5.0506667e+003
  5.0613333e+003
  5.0880000e+003
  5.0933333e+003
  5.1040000e+003
  5.2053333e+003
  5.2106667e+003
  5.2373333e+003
  5.2480000e+003
  5.2533333e+003
  5.3600000e+003
  5.3706667e+003
  5.3760000e+003
  5.3813333e+003
  5.3920000e+003
  5.4560000e+003
  5.4666667e+003
  5.4826667e+003
  5.4986667e+003
  5.5093333e+003
  5.5200000e+003
  5.5306667e+003
  5.5360000e+003
  5.6053333e+003
  5.6106667e+003
  5.6213333e+003
  5.6320000e+003
  5.6373333e+003
  5.6533333e+003
  5.7386667e+003
  5.7493333e+003
  5.7653333e+003
  5.7866667e+003
  5.7920000e+003
  5.7973333e+003
  5.8666667e+003
  5.8880000e+003
  5.8933333e+003
  5.9253333e+003
  5.9306667e+003
  5.9413333e+003
  6.0053333e+003
  6.0266667e+003
  6.0320000e+003
  6.0426667e+003
  6.0480000e+003
  6.1386667e+003
  6.1440000e+003
  6.1493333e+003
  6.1600000e+003
  6.1813333e+003
  6.1920000e+003
  6.1973333e+003
  6.2133333e+003
  6.2720000e+003
  6.2986667e+003
  6.3040000e+003
  6.3200000e+003
  6.4266667e+003
  6.4426667e+003
  6.4693333e+003
  6.4853333e+003
  6.5653333e+003
  6.5706667e+003
  6.5813333e+003
  6.5920000e+003
  6.6026667e+003
  6.6080000e+003
  6.6133333e+003
  6.6186667e+003
  6.7093333e+003
  6.7146667e+003
  6.7200000e+003
  6.7360000e+003
  6.7413333e+003
  6.7520000e+003
  6.8266667e+003
  6.8533333e+003
  6.8640000e+003
  6.8746667e+003
  6.9600000e+003
  6.9653333e+003
  6.9760000e+003
  6.9866667e+003
  6.9920000e+003
  6.9973333e+003
  7.0026667e+003
  7.1093333e+003
  7.1146667e+003
  7.1360000e+003
  7.1520000e+003
  7.1626667e+003
  7.2320000e+003
  7.2373333e+003
  7.2426667e+003
  7.2586667e+003
  7.2640000e+003
  7.2960000e+003
  7.3066667e+003
  7.3600000e+003
  7.3653333e+003
  7.3866667e+003
  7.4133333e+003
  7.4400000e+003
  7.4986667e+003
  7.5200000e+003
  7.5413333e+003
  7.5573333e+003
  7.6480000e+003
  7.6533333e+003
  7.6693333e+003
  7.6746667e+003
  7.7706667e+003
  7.7866667e+003
  7.7920000e+003
  7.9306667e+003
  7.9520000e+003
  7.9573333e+003
  7.9680000e+003
  7.9733333e+003
  7.9840000e+003
