  2.6666667e+001
  3.7333333e+001
  4.2666667e+001
  4.8000000e+001
  5.3333333e+001
  5.8666667e+001
  6.9333333e+001
  7.4666667e+001
  1.5466667e+002
  1.6000000e+002
  1.6533333e+002
  1.7066667e+002
  1.8133333e+002
  1.8666667e+002
  1.9200000e+002
  2.0800000e+002
  2.6133333e+002
  2.8800000e+002
  3.2000000e+002
  3.8400000e+002
  4.2133333e+002
  5.4933333e+002
  5.5466667e+002
  5.6533333e+002
  6.2933333e+002
  6.3466667e+002
  6.4000000e+002
  6.4533333e+002
  6.6133333e+002
  7.5200000e+002
  8.6400000e+002
  9.0666667e+002
  9.8133333e+002
  1.0080000e+003
  1.0293333e+003
  1.0400000e+003
  1.1253333e+003
  1.1306667e+003
  1.2320000e+003
  1.2533333e+003
  1.2640000e+003
  1.3866667e+003
  1.3920000e+003
  1.3973333e+003
  1.5146667e+003
  1.5946667e+003
  1.6106667e+003
  1.6160000e+003
  1.6426667e+003
  1.7120000e+003
  1.7226667e+003
  1.7280000e+003
  1.7546667e+003
  1.8133333e+003
  1.8186667e+003
  1.8293333e+003
  1.8506667e+003
  1.8613333e+003
  1.9360000e+003
  1.9520000e+003
  1.9893333e+003
  2.0586667e+003
  2.0640000e+003
  2.0906667e+003
  2.1013333e+003
  2.1226667e+003
  2.2026667e+003
  2.2080000e+003
  2.2133333e+003
  2.2346667e+003
  2.3040000e+003
  2.3413333e+003
  2.3466667e+003
  2.4106667e+003
  2.4213333e+003
  2.4320000e+003
  2.4373333e+003
  2.4426667e+003
  2.4480000e+003
  2.4640000e+003
  2.5333333e+003
  2.5440000e+003
  2.5493333e+003
  2.5706667e+003
  2.5760000e+003
  2.5813333e+003
  2.5920000e+003
  2.6560000e+003
  2.6720000e+003
  2.6773333e+003
  2.6826667e+003
  2.6933333e+003
  2.6986667e+003
  2.7893333e+003
  2.8000000e+003
  2.8266667e+003
  2.8320000e+003
  2.8960000e+003
  2.9013333e+003
  2.9173333e+003
  2.9226667e+003
  2.9493333e+003
  2.9546667e+003
  3.0080000e+003
  3.0133333e+003
  3.0240000e+003
  3.0453333e+003
  3.0666667e+003
  3.1466667e+003
  3.1573333e+003
  3.1786667e+003
  3.1893333e+003
  3.2586667e+003
  3.2640000e+003
  3.2853333e+003
  3.2906667e+003
  3.2960000e+003
  3.3013333e+003
  3.3653333e+003
  3.3920000e+003
  3.3973333e+003
  3.4240000e+003
  3.4880000e+003
  3.4986667e+003
  3.5200000e+003
  3.5253333e+003
  3.5306667e+003
  3.5466667e+003
  3.6000000e+003
  3.6160000e+003
  3.6320000e+003
  3.6373333e+003
  3.6533333e+003
  3.7280000e+003
  3.7333333e+003
  3.7386667e+003
  3.7440000e+003
  3.7493333e+003
  3.7546667e+003
  3.7653333e+003
  3.8453333e+003
  3.8560000e+003
  3.9680000e+003
  3.9840000e+003
  3.9946667e+003
  4.0000000e+003
  4.0053333e+003
  4.0106667e+003
  4.0853333e+003
  4.0906667e+003
  4.1120000e+003
  4.1173333e+003
  4.1440000e+003
  4.2133333e+003
  4.2240000e+003
  4.2293333e+003
  4.2346667e+003
  4.2453333e+003
  4.3413333e+003
  4.3626667e+003
  4.3680000e+003
  4.4746667e+003
  4.5653333e+003
  4.5760000e+003
  4.5920000e+003
  4.6933333e+003
  4.6986667e+003
  4.7200000e+003
  4.7253333e+003
  4.7360000e+003
  4.7413333e+003
  4.8053333e+003
  4.8213333e+003
  4.8426667e+003
  4.8480000e+003
  4.8640000e+003
  4.9173333e+003
  4.9280000e+003
  4.9333333e+003
  4.9386667e+003
  4.9493333e+003
  4.9546667e+003
  4.9706667e+003
  5.0400000e+003
  5.0560000e+003
  5.0613333e+003
  5.0666667e+003
  5.0720000e+003
  5.0773333e+003
  5.1573333e+003
  5.2106667e+003
  5.2746667e+003
  5.2960000e+003
  5.3120000e+003
  5.3173333e+003
  5.3226667e+003
  5.3280000e+003
  5.3386667e+003
  5.4026667e+003
  5.4080000e+003
  5.4240000e+003
  5.4400000e+003
  5.4506667e+003
  5.5200000e+003
  5.5253333e+003
  5.5306667e+003
  5.5466667e+003
  5.6320000e+003
  5.6533333e+003
  5.7546667e+003
  5.7653333e+003
  5.7760000e+003
  5.7813333e+003
  5.7920000e+003
  5.8133333e+003
  5.8773333e+003
  5.8880000e+003
  5.9093333e+003
  5.9146667e+003
  5.9306667e+003
  6.0000000e+003
  6.0213333e+003
  6.0266667e+003
  6.0320000e+003
  6.1600000e+003
  6.1653333e+003
  6.1706667e+003
  6.2666667e+003
  6.2720000e+003
  6.2826667e+003
  6.2933333e+003
  6.3520000e+003
  6.3626667e+003
  6.3786667e+003
  6.3840000e+003
  6.4640000e+003
  6.4906667e+003
  6.5013333e+003
  6.5066667e+003
  6.5120000e+003
  6.5226667e+003
  6.5280000e+003
  6.6080000e+003
  6.6186667e+003
  6.6346667e+003
  6.6400000e+003
  6.6506667e+003
  6.7093333e+003
  6.7253333e+003
  6.7306667e+003
  6.8373333e+003
  6.8426667e+003
  6.8533333e+003
  6.8640000e+003
  6.8693333e+003
  6.8853333e+003
  6.9493333e+003
  6.9706667e+003
  6.9760000e+003
  6.9920000e+003
  6.9973333e+003
  7.0133333e+003
  7.0773333e+003
  7.0826667e+003
  7.0933333e+003
  7.0986667e+003
  7.2000000e+003
  7.2160000e+003
  7.2213333e+003
  7.2266667e+003
  7.2320000e+003
  7.3226667e+003
  7.3440000e+003
  7.4400000e+003
  7.4506667e+003
  7.4560000e+003
  7.4773333e+003
  7.5413333e+003
  7.5680000e+003
  7.5733333e+003
  7.5786667e+003
  7.6000000e+003
  7.6106667e+003
  7.6640000e+003
  7.6693333e+003
  7.6746667e+003
  7.6800000e+003
  7.7920000e+003
  7.8080000e+003
  7.8186667e+003
  7.8346667e+003
  7.8453333e+003
  7.9306667e+003
  7.9360000e+003
  7.9520000e+003
  7.9573333e+003
