  9.6000000e+001
  1.0133333e+002
  1.0666667e+002
  1.1200000e+002
  1.1733333e+002
  2.1333333e+002
  2.1866667e+002
  2.4533333e+002
  3.3600000e+002
  3.5200000e+002
  3.8400000e+002
  3.8933333e+002
  4.8533333e+002
  4.9600000e+002
  5.0666667e+002
  5.1200000e+002
  5.2800000e+002
  5.3333333e+002
  6.0800000e+002
  6.1333333e+002
  6.2400000e+002
  6.3466667e+002
  6.5600000e+002
  6.6133333e+002
  7.6800000e+002
  7.7333333e+002
  7.9466667e+002
  8.6400000e+002
  8.7466667e+002
  8.8000000e+002
  8.9600000e+002
  9.3333333e+002
  1.0080000e+003
  1.0240000e+003
  1.0293333e+003
  1.0400000e+003
  1.0453333e+003
  1.0720000e+003
  1.1733333e+003
  1.1840000e+003
  1.1893333e+003
  1.2746667e+003
  1.2853333e+003
  1.2906667e+003
  1.2960000e+003
  1.3066667e+003
  1.3173333e+003
  1.3226667e+003
  1.3280000e+003
  1.3333333e+003
  1.3440000e+003
  1.4026667e+003
  1.4133333e+003
  1.4293333e+003
  1.4400000e+003
  1.4666667e+003
  1.5360000e+003
  1.5520000e+003
  1.5573333e+003
  1.5733333e+003
  1.5786667e+003
  1.5946667e+003
  1.6053333e+003
  1.6906667e+003
  1.6960000e+003
  1.7066667e+003
  1.7226667e+003
  1.7333333e+003
  1.7386667e+003
  1.8080000e+003
  1.8186667e+003
  1.8400000e+003
  1.8773333e+003
  1.9573333e+003
  1.9626667e+003
  1.9786667e+003
  1.9893333e+003
  2.0000000e+003
  2.0746667e+003
  2.1066667e+003
  2.1173333e+003
  2.1226667e+003
  2.1440000e+003
  2.2293333e+003
  2.2453333e+003
  2.2506667e+003
  2.2720000e+003
  2.2826667e+003
  2.3413333e+003
  2.3626667e+003
  2.3786667e+003
  2.3893333e+003
  2.3946667e+003
  2.4960000e+003
  2.5226667e+003
  2.5333333e+003
  2.5440000e+003
  2.6186667e+003
  2.6240000e+003
  2.6293333e+003
  2.6346667e+003
  2.6453333e+003
  2.6506667e+003
  2.6560000e+003
  2.6613333e+003
  2.6666667e+003
  2.6826667e+003
  2.7520000e+003
  2.7573333e+003
  2.7626667e+003
  2.7680000e+003
  2.7946667e+003
  2.8106667e+003
  2.8320000e+003
  2.8960000e+003
  2.9066667e+003
  2.9120000e+003
  2.9173333e+003
  2.9280000e+003
  2.9333333e+003
  2.9546667e+003
  3.0293333e+003
  3.0506667e+003
  3.0613333e+003
  3.1680000e+003
  3.1733333e+003
  3.1893333e+003
  3.2000000e+003
  3.2106667e+003
  3.2266667e+003
  3.2960000e+003
  3.3066667e+003
  3.3120000e+003
  3.3226667e+003
  3.3440000e+003
  3.3546667e+003
  3.3653333e+003
  3.4186667e+003
  3.4400000e+003
  3.4506667e+003
  3.4613333e+003
  3.4666667e+003
  3.4720000e+003
  3.4826667e+003
  3.5520000e+003
  3.5626667e+003
  3.5786667e+003
  3.5946667e+003
  3.6106667e+003
  3.6160000e+003
  3.6320000e+003
  3.7013333e+003
  3.7120000e+003
  3.7226667e+003
  3.7600000e+003
  3.7653333e+003
  3.8506667e+003
  3.9733333e+003
  3.9786667e+003
  3.9840000e+003
  4.0000000e+003
  4.0213333e+003
  4.0266667e+003
  4.1226667e+003
  4.1280000e+003
  4.1333333e+003
  4.1386667e+003
  4.1493333e+003
  4.1546667e+003
  4.1653333e+003
  4.1760000e+003
  4.2293333e+003
  4.2400000e+003
  4.2560000e+003
  4.2720000e+003
  4.2986667e+003
  4.3946667e+003
  4.4053333e+003
  4.5120000e+003
  4.5173333e+003
  4.5546667e+003
  4.5600000e+003
  4.6560000e+003
  4.6986667e+003
  4.7893333e+003
  4.7946667e+003
  4.8000000e+003
  4.8213333e+003
  4.9013333e+003
  4.9120000e+003
  4.9173333e+003
  4.9333333e+003
  4.9653333e+003
  4.9760000e+003
  5.0506667e+003
  5.0666667e+003
  5.0720000e+003
  5.0933333e+003
  5.0986667e+003
  5.1733333e+003
  5.1786667e+003
  5.2106667e+003
  5.2160000e+003
  5.2373333e+003
  5.3013333e+003
  5.3173333e+003
  5.3226667e+003
  5.3333333e+003
  5.3546667e+003
  5.4400000e+003
  5.4613333e+003
  5.4666667e+003
  5.4880000e+003
  5.5093333e+003
  5.5786667e+003
  5.6000000e+003
  5.6266667e+003
  5.7226667e+003
  5.7440000e+003
  5.7493333e+003
  5.7546667e+003
  5.7706667e+003
  5.8720000e+003
  5.8880000e+003
  5.9040000e+003
  5.9093333e+003
  5.9146667e+003
  6.0000000e+003
  6.0053333e+003
  6.0213333e+003
  6.1280000e+003
  6.1386667e+003
  6.1440000e+003
  6.1600000e+003
  6.1866667e+003
  6.2720000e+003
  6.3093333e+003
  6.4053333e+003
  6.4160000e+003
  6.4320000e+003
  6.4373333e+003
  6.4480000e+003
  6.4586667e+003
  6.5440000e+003
  6.5493333e+003
  6.5866667e+003
  6.7040000e+003
  6.7200000e+003
  6.7253333e+003
  6.8000000e+003
  6.8106667e+003
  6.8160000e+003
  6.8266667e+003
  6.9440000e+003
  6.9546667e+003
  6.9600000e+003
  6.9653333e+003
  6.9706667e+003
  6.9920000e+003
  7.0826667e+003
  7.0933333e+003
  7.1040000e+003
  7.1093333e+003
  7.1146667e+003
  7.2160000e+003
  7.2373333e+003
  7.2426667e+003
  7.2480000e+003
  7.2586667e+003
  7.3440000e+003
  7.3493333e+003
  7.3546667e+003
  7.3706667e+003
  7.3760000e+003
  7.3920000e+003
  7.5040000e+003
  7.5253333e+003
  7.5306667e+003
  7.5893333e+003
  7.6213333e+003
  7.6266667e+003
  7.6320000e+003
  7.6426667e+003
  7.6533333e+003
  7.6746667e+003
  7.7493333e+003
  7.7600000e+003
  7.7760000e+003
  7.8080000e+003
  7.8666667e+003
  7.8986667e+003
  7.9093333e+003
  7.9146667e+003
  7.9360000e+003
  7.9413333e+003
