  3.7333333e+001
  6.9333333e+001
  8.0000000e+001
  1.3333333e+002
  1.4933333e+002
  1.5466667e+002
  1.8666667e+002
  2.5066667e+002
  2.9333333e+002
  2.9866667e+002
  3.0400000e+002
  3.1466667e+002
  3.7866667e+002
  3.9466667e+002
  4.0533333e+002
  4.1066667e+002
  4.7466667e+002
  4.9066667e+002
  4.9600000e+002
  5.1733333e+002
  5.2800000e+002
  5.9733333e+002
  6.1333333e+002
  6.2400000e+002
  6.4533333e+002
  6.5066667e+002
  6.6133333e+002
  7.0933333e+002
  7.5200000e+002
  8.3200000e+002
  8.5333333e+002
  8.5866667e+002
  8.8000000e+002
  8.9066667e+002
  9.6533333e+002
  9.7066667e+002
  9.9200000e+002
  9.9733333e+002
  1.0026667e+003
  1.0773333e+003
  1.0826667e+003
  1.1040000e+003
  1.1093333e+003
  1.1200000e+003
  1.1840000e+003
  1.1946667e+003
  1.2053333e+003
  1.2160000e+003
  1.2213333e+003
  1.2266667e+003
  1.3173333e+003
  1.3280000e+003
  1.4080000e+003
  1.4240000e+003
  1.4400000e+003
  1.4506667e+003
  1.4720000e+003
  1.5253333e+003
  1.5466667e+003
  1.5520000e+003
  1.5573333e+003
  1.5680000e+003
  1.6426667e+003
  1.6480000e+003
  1.6533333e+003
  1.6586667e+003
  1.6640000e+003
  1.6693333e+003
  1.6746667e+003
  1.6960000e+003
  1.7013333e+003
  1.7546667e+003
  1.7653333e+003
  1.7866667e+003
  1.7973333e+003
  1.8026667e+003
  1.8133333e+003
  1.8826667e+003
  1.8933333e+003
  1.9093333e+003
  1.9200000e+003
  1.9253333e+003
  1.9306667e+003
  2.0160000e+003
  2.0320000e+003
  2.0373333e+003
  2.0533333e+003
  2.1066667e+003
  2.1226667e+003
  2.1280000e+003
  2.1386667e+003
  2.1440000e+003
  2.1493333e+003
  2.1546667e+003
  2.1600000e+003
  2.2186667e+003
  2.2293333e+003
  2.2400000e+003
  2.2506667e+003
  2.2613333e+003
  2.2773333e+003
  2.3520000e+003
  2.3626667e+003
  2.3786667e+003
  2.4000000e+003
  2.4053333e+003
  2.4640000e+003
  2.4693333e+003
  2.4800000e+003
  2.4906667e+003
  2.5653333e+003
  2.6026667e+003
  2.6080000e+003
  2.6346667e+003
  2.6880000e+003
  2.6933333e+003
  2.7306667e+003
  2.8053333e+003
  2.8106667e+003
  2.8213333e+003
  2.8373333e+003
  2.8533333e+003
  2.8586667e+003
  2.9226667e+003
  2.9440000e+003
  2.9600000e+003
  2.9813333e+003
  3.0400000e+003
  3.0560000e+003
  3.0933333e+003
  3.0986667e+003
  3.1466667e+003
  3.1573333e+003
  3.1786667e+003
  3.1946667e+003
  3.2000000e+003
  3.2746667e+003
  3.2800000e+003
  3.2906667e+003
  3.3013333e+003
  3.3066667e+003
  3.3280000e+003
  3.3920000e+003
  3.4133333e+003
  3.4400000e+003
  3.5040000e+003
  3.5146667e+003
  3.5253333e+003
  3.5413333e+003
  3.5466667e+003
  3.5573333e+003
  3.6160000e+003
  3.6320000e+003
  3.6373333e+003
  3.6426667e+003
  3.6746667e+003
  3.7386667e+003
  3.7706667e+003
  3.8666667e+003
  3.8880000e+003
  3.9733333e+003
  3.9786667e+003
  4.0160000e+003
  4.0213333e+003
  4.0906667e+003
  4.1173333e+003
  4.1226667e+003
  4.1333333e+003
  4.2026667e+003
  4.2080000e+003
  4.2133333e+003
  4.3200000e+003
  4.3253333e+003
  4.3306667e+003
  4.3413333e+003
  4.3466667e+003
  4.3626667e+003
  4.4480000e+003
  4.4586667e+003
  4.4693333e+003
  4.4746667e+003
  4.5386667e+003
  4.5493333e+003
  4.5546667e+003
  4.5706667e+003
  4.5866667e+003
  4.6026667e+003
  4.6666667e+003
  4.6826667e+003
  4.6933333e+003
  4.6986667e+003
  4.7146667e+003
  4.7893333e+003
  4.8053333e+003
  4.8106667e+003
  4.8266667e+003
  4.8320000e+003
  4.8960000e+003
  4.9120000e+003
  4.9440000e+003
  5.0240000e+003
  5.0346667e+003
  5.0560000e+003
  5.0666667e+003
  5.1200000e+003
  5.1253333e+003
  5.1360000e+003
  5.1466667e+003
  5.1520000e+003
  5.1626667e+003
  5.1680000e+003
  5.1786667e+003
  5.1840000e+003
  5.2480000e+003
  5.2533333e+003
  5.2640000e+003
  5.2800000e+003
  5.2906667e+003
  5.3013333e+003
  5.3546667e+003
  5.3973333e+003
  5.4133333e+003
  5.4933333e+003
  5.4986667e+003
  5.6106667e+003
  5.6320000e+003
  5.7386667e+003
  5.7493333e+003
  5.7706667e+003
  5.8240000e+003
  5.8400000e+003
  5.8506667e+003
  5.8560000e+003
  5.8613333e+003
  5.8666667e+003
  5.9360000e+003
  5.9520000e+003
  5.9573333e+003
  5.9733333e+003
  5.9893333e+003
  6.0800000e+003
  6.0960000e+003
  6.1120000e+003
  6.1813333e+003
  6.1866667e+003
  6.2133333e+003
  6.2186667e+003
  6.2293333e+003
  6.3093333e+003
  6.3146667e+003
  6.3200000e+003
  6.3466667e+003
  6.4053333e+003
  6.4213333e+003
  6.4266667e+003
  6.5280000e+003
  6.5386667e+003
  6.5546667e+003
  6.5653333e+003
  6.6506667e+003
  6.6613333e+003
  6.6880000e+003
  6.6933333e+003
  6.7680000e+003
  6.9066667e+003
  6.9920000e+003
  7.0346667e+003
  7.1093333e+003
  7.1146667e+003
  7.1200000e+003
  7.1253333e+003
  7.1306667e+003
  7.1360000e+003
  7.2160000e+003
  7.2266667e+003
  7.2320000e+003
  7.2373333e+003
  7.2693333e+003
  7.3280000e+003
  7.3333333e+003
  7.3386667e+003
  7.3493333e+003
  7.3653333e+003
  7.3813333e+003
  7.4560000e+003
  7.4613333e+003
  7.4666667e+003
  7.4826667e+003
  7.4986667e+003
  7.5040000e+003
  7.5093333e+003
  7.5146667e+003
  7.5786667e+003
  7.6053333e+003
  7.6213333e+003
  7.6266667e+003
  7.6960000e+003
  7.7066667e+003
  7.7173333e+003
  7.7280000e+003
  7.8293333e+003
  7.8346667e+003
  7.9093333e+003
  7.9146667e+003
  7.9306667e+003
  7.9413333e+003
  7.9466667e+003
  7.9786667e+003
