  0.0000000e+000
  5.3333333e+000
  1.0666667e+001
  3.2000000e+001
  4.2666667e+001
  4.8000000e+001
  1.2800000e+002
  1.3333333e+002
  1.3866667e+002
  1.6533333e+002
  2.5066667e+002
  2.5600000e+002
  2.6666667e+002
  2.7200000e+002
  2.9333333e+002
  3.1466667e+002
  3.9466667e+002
  4.0533333e+002
  4.1600000e+002
  4.2133333e+002
  4.3200000e+002
  5.4933333e+002
  5.5466667e+002
  6.2933333e+002
  6.3466667e+002
  6.4533333e+002
  6.5600000e+002
  6.6133333e+002
  6.6666667e+002
  6.7200000e+002
  6.7733333e+002
  6.8800000e+002
  7.5733333e+002
  7.7333333e+002
  8.0000000e+002
  8.1066667e+002
  8.2133333e+002
  8.2666667e+002
  8.3200000e+002
  8.8533333e+002
  8.9600000e+002
  9.0133333e+002
  9.6000000e+002
  1.0133333e+003
  1.0453333e+003
  1.0560000e+003
  1.0773333e+003
  1.1520000e+003
  1.1680000e+003
  1.1733333e+003
  1.2000000e+003
  1.2053333e+003
  1.3013333e+003
  1.3333333e+003
  1.4026667e+003
  1.4133333e+003
  1.4186667e+003
  1.4293333e+003
  1.4453333e+003
  1.4666667e+003
  1.5306667e+003
  1.5466667e+003
  1.5680000e+003
  1.5786667e+003
  1.5893333e+003
  1.6640000e+003
  1.6800000e+003
  1.6853333e+003
  1.6906667e+003
  1.6960000e+003
  1.7920000e+003
  1.8026667e+003
  1.8186667e+003
  1.8293333e+003
  1.8453333e+003
  1.9253333e+003
  1.9413333e+003
  1.9840000e+003
  2.0533333e+003
  2.0640000e+003
  2.0746667e+003
  2.0800000e+003
  2.0853333e+003
  2.1013333e+003
  2.1600000e+003
  2.1866667e+003
  2.2080000e+003
  2.2133333e+003
  2.2293333e+003
  2.3040000e+003
  2.3200000e+003
  2.3253333e+003
  2.3413333e+003
  2.3466667e+003
  2.3573333e+003
  2.4320000e+003
  2.4746667e+003
  2.5546667e+003
  2.5813333e+003
  2.5866667e+003
  2.5920000e+003
  2.5973333e+003
  2.6026667e+003
  2.6133333e+003
  2.7093333e+003
  2.7200000e+003
  2.7306667e+003
  2.7360000e+003
  2.8320000e+003
  2.8426667e+003
  2.8533333e+003
  2.8640000e+003
  2.8746667e+003
  2.8800000e+003
  2.9386667e+003
  2.9440000e+003
  2.9493333e+003
  2.9706667e+003
  2.9760000e+003
  2.9920000e+003
  3.1093333e+003
  3.1200000e+003
  3.1253333e+003
  3.1360000e+003
  3.2160000e+003
  3.2266667e+003
  3.2373333e+003
  3.2533333e+003
  3.3280000e+003
  3.3333333e+003
  3.3440000e+003
  3.3493333e+003
  3.3546667e+003
  3.3600000e+003
  3.4613333e+003
  3.4720000e+003
  3.4826667e+003
  3.4933333e+003
  3.4986667e+003
  3.5093333e+003
  3.5733333e+003
  3.5946667e+003
  3.6053333e+003
  3.6213333e+003
  3.6266667e+003
  3.6320000e+003
  3.7333333e+003
  3.7386667e+003
  3.7546667e+003
  3.7653333e+003
  3.8400000e+003
  3.8506667e+003
  3.9733333e+003
  3.9946667e+003
  4.0266667e+003
  4.0906667e+003
  4.0960000e+003
  4.1120000e+003
  4.1173333e+003
  4.1226667e+003
  4.2666667e+003
  4.2773333e+003
  4.2826667e+003
  4.3520000e+003
  4.3573333e+003
  4.3786667e+003
  4.3840000e+003
  4.3946667e+003
  4.4053333e+003
  4.4160000e+003
  4.4746667e+003
  4.4800000e+003
  4.4960000e+003
  4.5066667e+003
  4.5120000e+003
  4.6133333e+003
  4.6240000e+003
  4.6293333e+003
  4.6453333e+003
  4.6560000e+003
  4.6613333e+003
  4.6666667e+003
  4.6720000e+003
  4.7626667e+003
  4.7680000e+003
  4.7946667e+003
  4.8533333e+003
  4.8853333e+003
  4.9013333e+003
  5.0080000e+003
  5.1306667e+003
  5.1413333e+003
  5.1520000e+003
  5.1626667e+003
  5.1680000e+003
  5.2426667e+003
  5.2480000e+003
  5.2533333e+003
  5.2586667e+003
  5.2906667e+003
  5.3066667e+003
  5.3120000e+003
  5.3706667e+003
  5.3813333e+003
  5.3973333e+003
  5.4080000e+003
  5.4133333e+003
  5.5040000e+003
  5.5200000e+003
  5.5306667e+003
  5.5573333e+003
  5.6373333e+003
  5.6533333e+003
  5.7013333e+003
  5.8026667e+003
  5.8186667e+003
  5.8773333e+003
  5.8826667e+003
  5.8933333e+003
  5.9146667e+003
  5.9200000e+003
  5.9253333e+003
  5.9306667e+003
  5.9360000e+003
  5.9466667e+003
  6.0266667e+003
  6.0373333e+003
  6.0426667e+003
  6.0480000e+003
  6.0853333e+003
  6.1386667e+003
  6.1866667e+003
  6.2080000e+003
  6.2613333e+003
  6.2773333e+003
  6.2986667e+003
  6.3093333e+003
  6.3253333e+003
  6.4053333e+003
  6.4106667e+003
  6.4160000e+003
  6.4373333e+003
  6.4426667e+003
  6.4640000e+003
  6.5333333e+003
  6.5386667e+003
  6.5493333e+003
  6.5546667e+003
  6.5653333e+003
  6.5760000e+003
  6.6453333e+003
  6.6560000e+003
  6.6666667e+003
  6.6986667e+003
  6.7946667e+003
  6.8053333e+003
  6.8106667e+003
  6.8213333e+003
  6.8320000e+003
  6.9066667e+003
  6.9173333e+003
  6.9280000e+003
  6.9440000e+003
  6.9493333e+003
  6.9546667e+003
  7.0453333e+003
  7.0506667e+003
  7.0560000e+003
  7.0613333e+003
  7.1786667e+003
  7.1840000e+003
  7.1893333e+003
  7.2000000e+003
  7.2106667e+003
  7.2160000e+003
  7.2373333e+003
  7.3120000e+003
  7.3226667e+003
  7.3280000e+003
  7.3440000e+003
  7.3600000e+003
  7.4133333e+003
  7.4293333e+003
  7.4506667e+003
  7.4720000e+003
  7.4773333e+003
  7.4826667e+003
  7.5680000e+003
  7.5946667e+003
  7.6000000e+003
  7.6693333e+003
  7.6800000e+003
  7.6853333e+003
  7.7226667e+003
  7.7333333e+003
  7.8026667e+003
  7.8293333e+003
  7.8400000e+003
  7.8453333e+003
  7.8560000e+003
  7.9520000e+003
  7.9946667e+003
