  3.2000000e+001
  4.2666667e+001
  4.8000000e+001
  5.3333333e+001
  5.8666667e+001
  6.9333333e+001
  1.6533333e+002
  1.7600000e+002
  1.8133333e+002
  2.0800000e+002
  2.9866667e+002
  3.7866667e+002
  3.8400000e+002
  4.0000000e+002
  4.1066667e+002
  4.2666667e+002
  5.1733333e+002
  5.3333333e+002
  5.4933333e+002
  5.6000000e+002
  5.6533333e+002
  5.7066667e+002
  6.3466667e+002
  6.4533333e+002
  6.6666667e+002
  6.7200000e+002
  6.8266667e+002
  7.4666667e+002
  7.5200000e+002
  7.5733333e+002
  7.6800000e+002
  7.7333333e+002
  7.8400000e+002
  7.8933333e+002
  8.0000000e+002
  8.0533333e+002
  8.7466667e+002
  8.8533333e+002
  1.0080000e+003
  1.0400000e+003
  1.1040000e+003
  1.1200000e+003
  1.1253333e+003
  1.1466667e+003
  1.1520000e+003
  1.1626667e+003
  1.2426667e+003
  1.2693333e+003
  1.3386667e+003
  1.3600000e+003
  1.3813333e+003
  1.3920000e+003
  1.4986667e+003
  1.5146667e+003
  1.5733333e+003
  1.5786667e+003
  1.6266667e+003
  1.7013333e+003
  1.7120000e+003
  1.7173333e+003
  1.7226667e+003
  1.7546667e+003
  1.7600000e+003
  1.8400000e+003
  1.8453333e+003
  1.8506667e+003
  1.8560000e+003
  1.8613333e+003
  1.8720000e+003
  1.9360000e+003
  1.9573333e+003
  1.9680000e+003
  2.1066667e+003
  2.1173333e+003
  2.1920000e+003
  2.1973333e+003
  2.2080000e+003
  2.2133333e+003
  2.2400000e+003
  2.2986667e+003
  2.3306667e+003
  2.4373333e+003
  2.5280000e+003
  2.5440000e+003
  2.5653333e+003
  2.5760000e+003
  2.5813333e+003
  2.6773333e+003
  2.6933333e+003
  2.7040000e+003
  2.7680000e+003
  2.7840000e+003
  2.8106667e+003
  2.8853333e+003
  2.8960000e+003
  2.9013333e+003
  2.9280000e+003
  2.9386667e+003
  3.0133333e+003
  3.0186667e+003
  3.0346667e+003
  3.0400000e+003
  3.1306667e+003
  3.1360000e+003
  3.1413333e+003
  3.1466667e+003
  3.1573333e+003
  3.1626667e+003
  3.1680000e+003
  3.1786667e+003
  3.1840000e+003
  3.1893333e+003
  3.2480000e+003
  3.2640000e+003
  3.2693333e+003
  3.2853333e+003
  3.2960000e+003
  3.3066667e+003
  3.3706667e+003
  3.3920000e+003
  3.4880000e+003
  3.5306667e+003
  3.5360000e+003
  3.5413333e+003
  3.6106667e+003
  3.6213333e+003
  3.6373333e+003
  3.6426667e+003
  3.6480000e+003
  3.6586667e+003
  3.7386667e+003
  3.7653333e+003
  3.7706667e+003
  3.7866667e+003
  3.8560000e+003
  3.8613333e+003
  3.8666667e+003
  3.8720000e+003
  3.8880000e+003
  3.9040000e+003
  3.9786667e+003
  3.9893333e+003
  4.0000000e+003
  4.0106667e+003
  4.0160000e+003
  4.0853333e+003
  4.0960000e+003
  4.1066667e+003
  4.1173333e+003
  4.1333333e+003
  4.1440000e+003
  4.2026667e+003
  4.2186667e+003
  4.2453333e+003
  4.3733333e+003
  4.3840000e+003
  4.4746667e+003
  4.4853333e+003
  4.4906667e+003
  4.4960000e+003
  4.5866667e+003
  4.5920000e+003
  4.6026667e+003
  4.6186667e+003
  4.6826667e+003
  4.6933333e+003
  4.6986667e+003
  4.7200000e+003
  4.7306667e+003
  4.8160000e+003
  4.8213333e+003
  4.8373333e+003
  4.8480000e+003
  4.8533333e+003
  4.8586667e+003
  4.8640000e+003
  4.9546667e+003
  4.9600000e+003
  4.9706667e+003
  4.9760000e+003
  5.0613333e+003
  5.0666667e+003
  5.0880000e+003
  5.0933333e+003
  5.1573333e+003
  5.2053333e+003
  5.2106667e+003
  5.2160000e+003
  5.2746667e+003
  5.3280000e+003
  5.3333333e+003
  5.4026667e+003
  5.4133333e+003
  5.4240000e+003
  5.4293333e+003
  5.5306667e+003
  5.5520000e+003
  5.5573333e+003
  5.5786667e+003
  5.6480000e+003
  5.6746667e+003
  5.6960000e+003
  5.7546667e+003
  5.7653333e+003
  5.7706667e+003
  5.7920000e+003
  5.7973333e+003
  5.8666667e+003
  5.8826667e+003
  5.8880000e+003
  5.8933333e+003
  5.9040000e+003
  5.9146667e+003
  5.9200000e+003
  6.0213333e+003
  6.0373333e+003
  6.0586667e+003
  6.1173333e+003
  6.1653333e+003
  6.1760000e+003
  6.2400000e+003
  6.2560000e+003
  6.2826667e+003
  6.2933333e+003
  6.3573333e+003
  6.3733333e+003
  6.3946667e+003
  6.4000000e+003
  6.4746667e+003
  6.4853333e+003
  6.4906667e+003
  6.5066667e+003
  6.5173333e+003
  6.5280000e+003
  6.5813333e+003
  6.5920000e+003
  6.5973333e+003
  6.6400000e+003
  6.6453333e+003
  6.6506667e+003
  6.7040000e+003
  6.7466667e+003
  6.7520000e+003
  6.8320000e+003
  6.8373333e+003
  6.8426667e+003
  6.8533333e+003
  6.8800000e+003
  6.8853333e+003
  6.8960000e+003
  6.9440000e+003
  6.9653333e+003
  6.9866667e+003
  6.9920000e+003
  7.0880000e+003
  7.0986667e+003
  7.1200000e+003
  7.1253333e+003
  7.1946667e+003
  7.2106667e+003
  7.2320000e+003
  7.2373333e+003
  7.2426667e+003
  7.2480000e+003
  7.2533333e+003
  7.3173333e+003
  7.3386667e+003
  7.3546667e+003
  7.4400000e+003
  7.4613333e+003
  7.4773333e+003
  7.5466667e+003
  7.5573333e+003
  7.5680000e+003
  7.5786667e+003
  7.5893333e+003
  7.6800000e+003
  7.6853333e+003
  7.7013333e+003
  7.7226667e+003
  7.8080000e+003
  7.8346667e+003
  7.8453333e+003
  7.9093333e+003
  7.9360000e+003
  7.9413333e+003
  7.9466667e+003
