  5.3333333e+000
  7.4666667e+001
  8.0000000e+001
  8.5333333e+001
  1.1200000e+002
  1.8666667e+002
  2.0800000e+002
  3.1466667e+002
  3.2000000e+002
  3.6800000e+002
  3.7866667e+002
  4.4266667e+002
  4.4800000e+002
  4.5333333e+002
  4.6400000e+002
  4.8533333e+002
  5.5466667e+002
  5.7066667e+002
  6.1866667e+002
  6.7733333e+002
  6.8266667e+002
  6.8800000e+002
  6.9333333e+002
  7.0400000e+002
  7.0933333e+002
  7.1466667e+002
  8.0533333e+002
  8.2133333e+002
  8.3733333e+002
  8.4266667e+002
  8.6400000e+002
  9.5466667e+002
  9.7600000e+002
  1.0560000e+003
  1.0720000e+003
  1.0773333e+003
  1.1786667e+003
  1.2000000e+003
  1.2053333e+003
  1.2106667e+003
  1.3333333e+003
  1.3440000e+003
  1.4346667e+003
  1.4506667e+003
  1.4666667e+003
  1.5413333e+003
  1.5466667e+003
  1.5520000e+003
  1.5626667e+003
  1.6533333e+003
  1.6586667e+003
  1.6640000e+003
  1.6693333e+003
  1.6906667e+003
  1.6960000e+003
  1.7066667e+003
  1.7920000e+003
  1.7973333e+003
  1.8026667e+003
  1.8133333e+003
  1.8293333e+003
  1.8986667e+003
  1.9146667e+003
  1.9306667e+003
  1.9626667e+003
  2.0266667e+003
  2.0373333e+003
  2.0426667e+003
  2.0533333e+003
  2.0640000e+003
  2.0746667e+003
  2.1440000e+003
  2.1493333e+003
  2.1706667e+003
  2.1760000e+003
  2.1813333e+003
  2.2666667e+003
  2.2986667e+003
  2.3093333e+003
  2.3733333e+003
  2.4106667e+003
  2.4160000e+003
  2.4320000e+003
  2.4426667e+003
  2.4960000e+003
  2.5120000e+003
  2.5280000e+003
  2.5333333e+003
  2.5493333e+003
  2.6240000e+003
  2.6506667e+003
  2.6720000e+003
  2.6773333e+003
  2.7466667e+003
  2.7893333e+003
  2.7946667e+003
  2.8000000e+003
  2.8800000e+003
  2.8853333e+003
  2.8960000e+003
  3.0133333e+003
  3.0293333e+003
  3.0346667e+003
  3.1413333e+003
  3.1626667e+003
  3.2373333e+003
  3.2426667e+003
  3.2480000e+003
  3.2533333e+003
  3.2800000e+003
  3.3653333e+003
  3.3813333e+003
  3.3973333e+003
  3.4080000e+003
  3.4186667e+003
  3.4986667e+003
  3.5040000e+003
  3.5200000e+003
  3.5360000e+003
  3.6106667e+003
  3.6426667e+003
  3.7280000e+003
  3.7440000e+003
  3.7600000e+003
  3.7706667e+003
  3.8346667e+003
  3.8506667e+003
  3.8666667e+003
  3.8720000e+003
  3.8826667e+003
  3.9040000e+003
  3.9573333e+003
  3.9786667e+003
  3.9840000e+003
  4.0106667e+003
  4.0960000e+003
  4.1120000e+003
  4.1173333e+003
  4.1333333e+003
  4.1386667e+003
  4.2026667e+003
  4.2293333e+003
  4.3253333e+003
  4.3466667e+003
  4.3840000e+003
  4.4533333e+003
  4.5013333e+003
  4.5066667e+003
  4.5120000e+003
  4.5173333e+003
  4.5706667e+003
  4.5760000e+003
  4.5920000e+003
  4.6240000e+003
  4.6933333e+003
  4.7040000e+003
  4.7200000e+003
  4.7253333e+003
  4.7413333e+003
  4.7466667e+003
  4.7520000e+003
  4.8373333e+003
  4.8480000e+003
  4.8586667e+003
  4.9546667e+003
  4.9653333e+003
  4.9760000e+003
  4.9813333e+003
  4.9866667e+003
  5.0026667e+003
  5.0560000e+003
  5.0613333e+003
  5.0720000e+003
  5.0933333e+003
  5.0986667e+003
  5.1893333e+003
  5.2000000e+003
  5.2106667e+003
  5.2213333e+003
  5.3066667e+003
  5.3226667e+003
  5.3333333e+003
  5.3386667e+003
  5.3440000e+003
  5.3493333e+003
  5.3600000e+003
  5.4293333e+003
  5.4400000e+003
  5.4506667e+003
  5.4613333e+003
  5.4666667e+003
  5.4826667e+003
  5.4880000e+003
  5.5786667e+003
  5.5840000e+003
  5.5893333e+003
  5.6053333e+003
  5.6160000e+003
  5.6906667e+003
  5.7013333e+003
  5.7173333e+003
  5.7333333e+003
  5.7920000e+003
  5.7973333e+003
  5.8080000e+003
  5.8453333e+003
  5.8506667e+003
  5.9146667e+003
  5.9200000e+003
  5.9360000e+003
  5.9413333e+003
  5.9466667e+003
  5.9626667e+003
  5.9733333e+003
  6.0266667e+003
  6.0373333e+003
  6.0693333e+003
  6.1013333e+003
  6.1600000e+003
  6.1653333e+003
  6.1973333e+003
  6.2080000e+003
  6.2133333e+003
  6.2933333e+003
  6.2986667e+003
  6.3040000e+003
  6.3093333e+003
  6.4000000e+003
  6.4160000e+003
  6.4266667e+003
  6.4320000e+003
  6.4373333e+003
  6.4480000e+003
  6.5600000e+003
  6.5653333e+003
  6.6560000e+003
  6.6986667e+003
  6.7040000e+003
  6.7093333e+003
  6.7680000e+003
  6.7893333e+003
  6.8266667e+003
  6.9546667e+003
  7.0133333e+003
  7.0240000e+003
  7.0293333e+003
  7.0400000e+003
  7.0613333e+003
  7.0666667e+003
  7.1893333e+003
  7.2480000e+003
  7.2586667e+003
  7.2746667e+003
  7.2800000e+003
  7.2853333e+003
  7.2906667e+003
  7.2960000e+003
  7.3066667e+003
  7.3920000e+003
  7.3973333e+003
  7.4026667e+003
  7.4186667e+003
  7.4240000e+003
  7.4346667e+003
  7.4986667e+003
  7.5093333e+003
  7.5253333e+003
  7.5360000e+003
  7.5520000e+003
  7.6213333e+003
  7.6533333e+003
  7.6640000e+003
  7.6746667e+003
  7.7546667e+003
  7.7653333e+003
  7.7813333e+003
  7.7973333e+003
  7.8666667e+003
  7.8826667e+003
  7.8880000e+003
  7.9840000e+003
  7.9893333e+003
  7.9946667e+003
