  8.0000000e+001
  9.6000000e+001
  1.1733333e+002
  1.2266667e+002
  1.8133333e+002
  1.9733333e+002
  2.1333333e+002
  2.1866667e+002
  2.5066667e+002
  3.0933333e+002
  3.3600000e+002
  3.4133333e+002
  3.6800000e+002
  3.7333333e+002
  4.3733333e+002
  4.5866667e+002
  4.6400000e+002
  4.6933333e+002
  4.9600000e+002
  5.6533333e+002
  5.7066667e+002
  5.8133333e+002
  5.9200000e+002
  5.9733333e+002
  6.0266667e+002
  7.0400000e+002
  7.0933333e+002
  7.2000000e+002
  7.3600000e+002
  7.9466667e+002
  8.1600000e+002
  8.2133333e+002
  8.2666667e+002
  8.3733333e+002
  9.3866667e+002
  9.4933333e+002
  9.7600000e+002
  1.0400000e+003
  1.0560000e+003
  1.0826667e+003
  1.1573333e+003
  1.1680000e+003
  1.2053333e+003
  1.2853333e+003
  1.3226667e+003
  1.3333333e+003
  1.4133333e+003
  1.4400000e+003
  1.4560000e+003
  1.5360000e+003
  1.5413333e+003
  1.5466667e+003
  1.6480000e+003
  1.6693333e+003
  1.6746667e+003
  1.6853333e+003
  1.6960000e+003
  1.7066667e+003
  1.7706667e+003
  1.7813333e+003
  1.7920000e+003
  1.7973333e+003
  1.8080000e+003
  1.8133333e+003
  1.8186667e+003
  1.8240000e+003
  1.8400000e+003
  1.9093333e+003
  1.9253333e+003
  1.9306667e+003
  2.0320000e+003
  2.0373333e+003
  2.0480000e+003
  2.0586667e+003
  2.1333333e+003
  2.1600000e+003
  2.1653333e+003
  2.1760000e+003
  2.1866667e+003
  2.2026667e+003
  2.2773333e+003
  2.2933333e+003
  2.3093333e+003
  2.3946667e+003
  2.4053333e+003
  2.4213333e+003
  2.4266667e+003
  2.4320000e+003
  2.4426667e+003
  2.4960000e+003
  2.5013333e+003
  2.5120000e+003
  2.5386667e+003
  2.5440000e+003
  2.6293333e+003
  2.6400000e+003
  2.6613333e+003
  2.6773333e+003
  2.7626667e+003
  2.7733333e+003
  2.7840000e+003
  2.7893333e+003
  2.8053333e+003
  2.8800000e+003
  2.8853333e+003
  2.9226667e+003
  3.0293333e+003
  3.1466667e+003
  3.1573333e+003
  3.2266667e+003
  3.2320000e+003
  3.2586667e+003
  3.2640000e+003
  3.3600000e+003
  3.3706667e+003
  3.4186667e+003
  3.4720000e+003
  3.5040000e+003
  3.5306667e+003
  3.5360000e+003
  3.6000000e+003
  3.6266667e+003
  3.6373333e+003
  3.7333333e+003
  3.7440000e+003
  3.7493333e+003
  3.7600000e+003
  3.7653333e+003
  3.8400000e+003
  3.8506667e+003
  3.8666667e+003
  3.8933333e+003
  3.8986667e+003
  3.9626667e+003
  3.9680000e+003
  3.9840000e+003
  4.0000000e+003
  4.0800000e+003
  4.0853333e+003
  4.1120000e+003
  4.1173333e+003
  4.1280000e+003
  4.1386667e+003
  4.1440000e+003
  4.1493333e+003
  4.2026667e+003
  4.2186667e+003
  4.2293333e+003
  4.2453333e+003
  4.2560000e+003
  4.2613333e+003
  4.3253333e+003
  4.3306667e+003
  4.3733333e+003
  4.3786667e+003
  4.3840000e+003
  4.3893333e+003
  4.4640000e+003
  4.4693333e+003
  4.4906667e+003
  4.5013333e+003
  4.5706667e+003
  4.5866667e+003
  4.5973333e+003
  4.6026667e+003
  4.6933333e+003
  4.8106667e+003
  4.8213333e+003
  4.8373333e+003
  4.8693333e+003
  4.8800000e+003
  4.9493333e+003
  4.9706667e+003
  4.9760000e+003
  4.9920000e+003
  5.0026667e+003
  5.0613333e+003
  5.0986667e+003
  5.1040000e+003
  5.1786667e+003
  5.1893333e+003
  5.2213333e+003
  5.2480000e+003
  5.3013333e+003
  5.3120000e+003
  5.3333333e+003
  5.3386667e+003
  5.3546667e+003
  5.4293333e+003
  5.4400000e+003
  5.4453333e+003
  5.4720000e+003
  5.4773333e+003
  5.4880000e+003
  5.5520000e+003
  5.6000000e+003
  5.6693333e+003
  5.6746667e+003
  5.6906667e+003
  5.6960000e+003
  5.7333333e+003
  5.8026667e+003
  5.8133333e+003
  5.8293333e+003
  5.8346667e+003
  5.9306667e+003
  5.9360000e+003
  5.9466667e+003
  5.9786667e+003
  6.0480000e+003
  6.0533333e+003
  6.0586667e+003
  6.0800000e+003
  6.1013333e+003
  6.1653333e+003
  6.1866667e+003
  6.2026667e+003
  6.2080000e+003
  6.2240000e+003
  6.2720000e+003
  6.2880000e+003
  6.2986667e+003
  6.3253333e+003
  6.4000000e+003
  6.4160000e+003
  6.4266667e+003
  6.4586667e+003
  6.4640000e+003
  6.5440000e+003
  6.6560000e+003
  6.6666667e+003
  6.7680000e+003
  6.7733333e+003
  6.7946667e+003
  6.8000000e+003
  6.8106667e+003
  6.8160000e+003
  6.8213333e+003
  6.8853333e+003
  6.9066667e+003
  6.9173333e+003
  6.9333333e+003
  6.9440000e+003
  7.0133333e+003
  7.0346667e+003
  7.0400000e+003
  7.0453333e+003
  7.0506667e+003
  7.0613333e+003
  7.0720000e+003
  7.0773333e+003
  7.1520000e+003
  7.1573333e+003
  7.1626667e+003
  7.1680000e+003
  7.1786667e+003
  7.1840000e+003
  7.2480000e+003
  7.2586667e+003
  7.2906667e+003
  7.2960000e+003
  7.3120000e+003
  7.3866667e+003
  7.3973333e+003
  7.4080000e+003
  7.4133333e+003
  7.4240000e+003
  7.5360000e+003
  7.5413333e+003
  7.6213333e+003
  7.6320000e+003
  7.6373333e+003
  7.6426667e+003
  7.6640000e+003
  7.6693333e+003
  7.7546667e+003
  7.7706667e+003
  7.7813333e+003
  7.7973333e+003
  7.9786667e+003
